ETTh1_336_96_DLinear_ETTh1_ftM_sl336_ll48_pl96_dm512_nh8_el2_dl1_df2048_fc1_ebtimeF_dtTrue_Exp_0  
mse:0.4470512568950653, mae:0.4620503783226013, rse:0.6350917816162109, corr:[0.2905582  0.28811333 0.28639385 0.28447196 0.2821931  0.27888963
 0.27658835 0.27647015 0.27702028 0.27672455 0.27855027 0.2759712
 0.2758516  0.27536678 0.27427822 0.2750858  0.27588132 0.27606747
 0.27522147 0.27547976 0.27573472 0.2772771  0.27786258 0.27793455
 0.2764146  0.27405715 0.2744601  0.27346718 0.27404028 0.27328897
 0.27343258 0.2717619  0.27036425 0.27121893 0.27108327 0.2711046
 0.2703515  0.27070567 0.27000514 0.2707611  0.26844925 0.26995066
 0.27024117 0.26773182 0.26978204 0.27303034 0.27134317 0.27289355
 0.27127028 0.2702268  0.26673335 0.26547    0.26522183 0.2628149
 0.26275042 0.2637341  0.26215708 0.262279   0.26392272 0.26236665
 0.2617359  0.2631277  0.26101622 0.26266706 0.26096395 0.26156598
 0.2632163  0.2623063  0.26426467 0.26451826 0.26433536 0.26191357
 0.26299292 0.26035875 0.2569328  0.25814265 0.25943026 0.25920668
 0.25809726 0.25657383 0.25478432 0.25626713 0.25521725 0.25514054
 0.25515306 0.25384295 0.25177363 0.2520608  0.25196335 0.25351906
 0.2534407  0.25051335 0.25388736 0.256419   0.25584194 0.25913653]

ETTh1_336_192_DLinear_ETTh1_ftM_sl336_ll48_pl192_dm512_nh8_el2_dl1_df2048_fc1_ebtimeF_dtTrue_Exp_0  
mse:0.6108444333076477, mae:0.5720832943916321, rse:0.742202877998352, corr:[0.27795264 0.2765494  0.2743659  0.27314606 0.27317807 0.2711916
 0.26926774 0.26902497 0.26861468 0.26789963 0.26680002 0.26567337
 0.2656901  0.26502267 0.264301   0.2637653  0.26493746 0.26365215
 0.26400313 0.2630726  0.26379195 0.2638135  0.2652287  0.26430318
 0.26399636 0.263361   0.26271006 0.26117963 0.26190537 0.26312247
 0.2622907  0.2618591  0.2622936  0.26119205 0.26071557 0.25980946
 0.26155612 0.25961587 0.25900933 0.25997418 0.25860363 0.26015896
 0.26080662 0.25945845 0.26080018 0.2592723  0.2615362  0.25901067
 0.25805157 0.25659844 0.25606322 0.25447923 0.2538037  0.25587216
 0.25528935 0.2540057  0.25565916 0.25464892 0.2543777  0.2544638
 0.25324237 0.2525227  0.25321376 0.25246844 0.2527406  0.25233164
 0.25145292 0.2515768  0.25021854 0.25142255 0.24968143 0.25068557
 0.24714758 0.2498376  0.2458254  0.2467647  0.24633197 0.24700229
 0.24668463 0.24748296 0.24805494 0.24603587 0.24506931 0.2451489
 0.24576966 0.24600141 0.24356945 0.24477068 0.24171482 0.2455335
 0.24512449 0.24463592 0.24585642 0.24438411 0.24408144 0.2459497
 0.24393642 0.24409185 0.24379487 0.2431687  0.24281444 0.24218607
 0.23986003 0.24339144 0.24198297 0.24373674 0.2412335  0.24338521
 0.2408946  0.23974125 0.24242827 0.24031112 0.24082372 0.24219237
 0.24083288 0.24085726 0.24139674 0.2383376  0.2417045  0.23944773
 0.24017617 0.23967756 0.2366438  0.23888081 0.23747995 0.23738542
 0.23763323 0.23971984 0.23800577 0.24107851 0.23768179 0.23820904
 0.23746006 0.23631723 0.23620752 0.23763156 0.2365299  0.23354623
 0.23602705 0.23523435 0.23609553 0.23466904 0.23481679 0.23262028
 0.23340486 0.23293424 0.23283611 0.23422436 0.2319509  0.23345904
 0.23280743 0.23342468 0.23463967 0.23309408 0.23167443 0.23087645
 0.23321918 0.23133792 0.23178557 0.2293345  0.23163112 0.22996426
 0.23076917 0.23099123 0.22945683 0.22934178 0.2312065  0.23256129
 0.23102993 0.22872575 0.23180993 0.23007557 0.2298952  0.22880742
 0.22708318 0.23128311 0.23159574 0.23067538 0.22958677 0.22871968
 0.2277533  0.22656536 0.22648351 0.22493868 0.2290913  0.22750777
 0.22712743 0.2275422  0.22741458 0.22640507 0.22727764 0.22499953]

ETTh1_336_336_DLinear_ETTh1_ftM_sl336_ll48_pl336_dm512_nh8_el2_dl1_df2048_fc1_ebtimeF_dtTrue_Exp_0  
mse:0.7907617092132568, mae:0.6753644943237305, rse:0.8465933203697205, corr:[0.26234934 0.26030868 0.258259   0.25498343 0.25374192 0.25314465
 0.25095257 0.24638599 0.24149783 0.2453814  0.2411794  0.24113244
 0.24350755 0.24473786 0.24604397 0.24586147 0.24584763 0.24796036
 0.24671194 0.24741195 0.24909657 0.24924593 0.24777886 0.24760717
 0.2479512  0.24509555 0.24605285 0.24444355 0.24567218 0.24479264
 0.24313371 0.23880741 0.23750803 0.23841862 0.23990136 0.23907895
 0.23891918 0.24038222 0.24327014 0.24222675 0.24155004 0.24227037
 0.2436987  0.24063693 0.24209179 0.23865427 0.2394821  0.23771106
 0.23519012 0.23796839 0.23947832 0.23791316 0.23846021 0.2388619
 0.23657794 0.2362605  0.2346834  0.23136891 0.22775777 0.22802037
 0.22848545 0.23057748 0.23106769 0.233546   0.23004022 0.23287098
 0.23140496 0.23339306 0.23272586 0.22991033 0.23145352 0.23134372
 0.2333236  0.23167698 0.23371588 0.23350911 0.2332929  0.23296742
 0.23240282 0.23068568 0.22962648 0.22884977 0.22632006 0.22622538
 0.22780487 0.22852609 0.22858445 0.22982253 0.22770551 0.22748826
 0.22744915 0.22434062 0.22419006 0.22271286 0.22217731 0.22333533
 0.2247942  0.22458541 0.22653554 0.22713535 0.2273657  0.22989872
 0.22956094 0.22606069 0.22790715 0.22455536 0.22573826 0.22462408
 0.22655068 0.22605264 0.2261758  0.22281896 0.22122867 0.2226953
 0.22375154 0.22491299 0.22364733 0.22025888 0.21973959 0.21729544
 0.22305979 0.22454564 0.22628972 0.22604609 0.2266998  0.22561163
 0.22238925 0.22204427 0.22230853 0.22267312 0.22284031 0.21789873
 0.21921666 0.22068249 0.21742931 0.21562178 0.21481638 0.21812865
 0.21402721 0.21249464 0.21189682 0.21728577 0.21358699 0.21569675
 0.21888475 0.21780093 0.21745683 0.21739994 0.21785657 0.21952581
 0.21728347 0.21344338 0.2119804  0.21556036 0.21151869 0.21588369
 0.21223092 0.21534717 0.20791973 0.21304758 0.21149598 0.21014862
 0.21421115 0.21513656 0.21326089 0.214493   0.21596807 0.21660969
 0.2166077  0.2147031  0.22018325 0.21859975 0.2195201  0.21793436
 0.21640661 0.21251482 0.20905775 0.21189469 0.21017049 0.20853458
 0.21212067 0.21250843 0.21251571 0.21326558 0.21443425 0.21120405
 0.21156728 0.21256918 0.21304992 0.21644473 0.21909636 0.21597642
 0.21695615 0.21359049 0.21497701 0.21419531 0.21381623 0.21553959
 0.2184678  0.21688782 0.21372968 0.21309997 0.2119219  0.21032256
 0.21101697 0.21656176 0.21321927 0.21383259 0.21648937 0.21608926
 0.21749282 0.21697633 0.2139136  0.21114506 0.21046588 0.21210507
 0.20632656 0.20702182 0.21374096 0.21494064 0.21828327 0.21390277
 0.21426661 0.21416011 0.20959073 0.21082155 0.21007818 0.20702182
 0.2081263  0.20843676 0.20509103 0.21056321 0.2066368  0.21021755
 0.21210364 0.20902736 0.20946756 0.21045591 0.20844136 0.21055618
 0.20801038 0.206947   0.20893781 0.20967042 0.21039796 0.21169023
 0.20927729 0.21051131 0.21367791 0.21120483 0.21171111 0.2078943
 0.2094842  0.21245581 0.2101709  0.2076074  0.20306063 0.20155247
 0.20553079 0.20124242 0.19656889 0.20483992 0.20238027 0.21045488
 0.20502871 0.20786911 0.21323091 0.21302716 0.211423   0.20840585
 0.20937684 0.21034086 0.21232763 0.21233572 0.21189816 0.20740025
 0.20877717 0.20529163 0.20724292 0.21109577 0.20060073 0.20554501
 0.2021206  0.2055724  0.19803943 0.20058395 0.20284559 0.20288981
 0.2049007  0.21046844 0.2138676  0.21365817 0.21446095 0.2115156
 0.21227159 0.20958516 0.20974092 0.21109676 0.20546845 0.21090952
 0.21058542 0.21141958 0.20733228 0.20923795 0.21115312 0.21139878
 0.21262693 0.21258527 0.20858224 0.20778717 0.2073826  0.20956239
 0.21097305 0.21099268 0.21271728 0.21115392 0.20929426 0.21007288
 0.20772587 0.20816523 0.20791988 0.20953181 0.21163858 0.20880981
 0.21089445 0.21166699 0.2101885  0.21464205 0.21339189 0.21181448
 0.21598911 0.21392335 0.21349338 0.20999593 0.21006224 0.20786555]

ETTh1_336_720_DLinear_ETTh1_ftM_sl336_ll48_pl720_dm512_nh8_el2_dl1_df2048_fc1_ebtimeF_dtTrue_Exp_0  
mse:1.2812597751617432, mae:0.8994331359863281, rse:1.0836039781570435, corr:[0.1973555  0.19141133 0.1861719  0.18670113 0.18215264 0.17937654
 0.17584592 0.17565858 0.17397852 0.1721464  0.16807863 0.16638336
 0.17122965 0.16798723 0.1680362  0.16418692 0.16483222 0.16431361
 0.16311005 0.16511403 0.16882218 0.17234236 0.17476629 0.17370306
 0.17319782 0.17633188 0.17234723 0.17383756 0.1733362  0.17223491
 0.16978696 0.1721199  0.17156097 0.16750248 0.16381378 0.16762961
 0.16338664 0.16267975 0.16037649 0.15931156 0.15507409 0.15517572
 0.15457731 0.15063293 0.1568973  0.15522356 0.16123308 0.16011183
 0.1639527  0.16763122 0.16736333 0.16706508 0.16733544 0.16347544
 0.16515748 0.16442786 0.16111884 0.1586843  0.160016   0.15677787
 0.15349145 0.15483424 0.15137987 0.1436909  0.14406586 0.14509681
 0.14296    0.14014249 0.14498754 0.14502859 0.1515964  0.15570363
 0.15871322 0.16559984 0.1622607  0.16509302 0.16664235 0.16485849
 0.16634417 0.16674688 0.16329433 0.15930939 0.1576183  0.15308203
 0.1527475  0.15302853 0.14819029 0.14776607 0.14834906 0.14808112
 0.1481623  0.15207505 0.15378891 0.15273918 0.15803047 0.15787432
 0.16056557 0.16127415 0.16298336 0.16085374 0.16300578 0.16286401
 0.16527067 0.16591579 0.16310094 0.16044073 0.16170108 0.15479769
 0.15443076 0.15456565 0.15566693 0.14979216 0.15343843 0.14948072
 0.1482646  0.14780402 0.1505573  0.15061547 0.1514628  0.15043762
 0.157801   0.16041192 0.1559633  0.15611145 0.15737608 0.15763609
 0.16008745 0.15861818 0.15827972 0.15621215 0.15102315 0.14759679
 0.14937548 0.15172243 0.15227652 0.1518818  0.1521891  0.14862587
 0.14614491 0.14561564 0.15000948 0.1456291  0.14876334 0.15237968
 0.15344729 0.15618345 0.15708712 0.15753023 0.1565302  0.15470368
 0.1576384  0.15732561 0.15286821 0.14913175 0.148141   0.14347954
 0.14028406 0.13971482 0.13684411 0.14276758 0.13871908 0.14186572
 0.1410472  0.14356868 0.14536284 0.14396913 0.14929605 0.14966668
 0.15175262 0.1550516  0.15408891 0.15302143 0.15595269 0.15383524
 0.15533218 0.15356703 0.14967537 0.1449859  0.14589909 0.14577617
 0.14315407 0.14469093 0.1465828  0.14549525 0.1428464  0.1423142
 0.14120531 0.14290449 0.13991147 0.14167254 0.13857469 0.14590022
 0.1523127  0.15021417 0.14833857 0.1500116  0.14963862 0.15071988
 0.15430334 0.15323226 0.15030274 0.14439368 0.14557487 0.14503227
 0.14169066 0.14029114 0.14217682 0.1451438  0.14320064 0.14445207
 0.14432631 0.14014044 0.13854751 0.14072134 0.1418351  0.15108545
 0.15369153 0.15450364 0.15369909 0.15172371 0.15226097 0.1519284
 0.15075448 0.15204065 0.1472859  0.14435813 0.14331514 0.14078252
 0.1383211  0.14117317 0.1440178  0.13918434 0.1383382  0.13951533
 0.1379474  0.13655718 0.1361985  0.14083877 0.14810307 0.14976113
 0.15110737 0.1511809  0.14954056 0.15129934 0.14654535 0.14557174
 0.14181313 0.14488779 0.14435464 0.14324684 0.14120306 0.14128813
 0.14044736 0.1417781  0.13591187 0.1355261  0.12970223 0.130547
 0.13289164 0.13032323 0.12829392 0.12745498 0.12947457 0.1385844
 0.14590271 0.14291617 0.14139496 0.14015998 0.13809568 0.13741207
 0.14105304 0.14282578 0.1457174  0.1439933  0.14389277 0.1455422
 0.14462148 0.14440233 0.14615698 0.14515774 0.14307277 0.13750288
 0.13422379 0.1311351  0.12895022 0.12890989 0.13152847 0.14225775
 0.14326891 0.14674592 0.146564   0.14532548 0.14667162 0.15075655
 0.15002818 0.14912707 0.14696553 0.14818212 0.14589056 0.14250982
 0.14374617 0.14475504 0.14577311 0.14396678 0.14241147 0.13827594
 0.13609721 0.1383887  0.14110708 0.13921957 0.14104754 0.14533989
 0.14718506 0.14604913 0.14436373 0.14513713 0.1412499  0.1412647
 0.14330703 0.1493662  0.1441249  0.14598607 0.14366984 0.14021035
 0.14258312 0.14498857 0.14131342 0.13992983 0.13640742 0.13565578
 0.12910411 0.13748534 0.13606302 0.13467306 0.13293585 0.13966678
 0.14047922 0.1402696  0.1399395  0.140213   0.14088082 0.14682524
 0.14543083 0.1446258  0.14661628 0.1438693  0.14014053 0.14188004
 0.13556999 0.13939287 0.14022253 0.14064847 0.14056937 0.13985345
 0.13877812 0.13770719 0.14144494 0.1402431  0.14271474 0.14429986
 0.14499152 0.14180918 0.14002776 0.14731874 0.14709663 0.14715926
 0.1462272  0.14405344 0.14329691 0.1371322  0.13213    0.13577928
 0.13949299 0.14088796 0.14220212 0.14133555 0.1413802  0.14115293
 0.13770951 0.13803723 0.13624242 0.13822193 0.14166984 0.14636742
 0.14573188 0.14620003 0.1456518  0.14568761 0.14500515 0.14489694
 0.14046541 0.14473383 0.14412749 0.14124063 0.14260326 0.1437784
 0.14452818 0.14329475 0.13982743 0.13691297 0.14120989 0.1396113
 0.13950276 0.14055322 0.14273155 0.13984314 0.14400087 0.1456421
 0.142287   0.14504457 0.14509763 0.14339572 0.1393664  0.13942276
 0.13648386 0.14048906 0.13710226 0.14426683 0.1457502  0.1430243
 0.14640012 0.14607851 0.14103357 0.13938563 0.14100294 0.14106573
 0.14272444 0.1412233  0.14302066 0.13980995 0.13978982 0.14467406
 0.14507914 0.14518446 0.1446464  0.14594714 0.14737488 0.15043111
 0.14957628 0.14888225 0.14748807 0.13996612 0.14040548 0.13529897
 0.1398421  0.14206642 0.14553395 0.14360654 0.14044808 0.14340688
 0.14320509 0.13966075 0.14036015 0.13768911 0.14119692 0.13959272
 0.13669044 0.1404519  0.13719776 0.14108242 0.13672319 0.13637075
 0.13550155 0.1370314  0.1404948  0.13869475 0.14505424 0.14574346
 0.141838   0.1472783  0.14466608 0.1427817  0.1428903  0.14239946
 0.13804881 0.13708955 0.13904779 0.1401777  0.13790613 0.13622065
 0.13850985 0.14247055 0.13951726 0.13476764 0.13590345 0.13072239
 0.1326266  0.12390724 0.12880792 0.13418011 0.13837272 0.14390783
 0.14429697 0.14700998 0.14937657 0.14723231 0.14596067 0.1414457
 0.14328593 0.14403746 0.14486115 0.14399265 0.14076641 0.14214092
 0.1443605  0.1459725  0.14039786 0.14319494 0.14319524 0.14479586
 0.140986   0.1415483  0.14204441 0.1390229  0.14502893 0.14430226
 0.14808683 0.14761534 0.14824128 0.14176208 0.1397499  0.1391778
 0.14110787 0.14258397 0.1439585  0.14852342 0.14987074 0.14898856
 0.14688525 0.14639193 0.14478557 0.14156432 0.14195596 0.14180204
 0.14295264 0.1436778  0.14231776 0.1460827  0.1452117  0.14684376
 0.14769943 0.14587577 0.1407976  0.1386017  0.13734102 0.13896482
 0.14041641 0.14030619 0.13764337 0.13841552 0.13553414 0.13707685
 0.13612202 0.13616285 0.13341933 0.13169226 0.13576517 0.13336682
 0.13599955 0.13969564 0.14138041 0.1425406  0.13985486 0.13921219
 0.14528456 0.14023897 0.14195481 0.14022015 0.14035551 0.13943657
 0.13768178 0.13365415 0.13164964 0.12860359 0.12866461 0.13133933
 0.1346189  0.13174568 0.12939826 0.12352064 0.12288827 0.12776482
 0.125832   0.129756   0.13266227 0.13247009 0.13482812 0.14001305
 0.14153479 0.13966088 0.13776308 0.1366218  0.13551448 0.13351564
 0.1330556  0.12951446 0.13040021 0.13082017 0.13187149 0.13009313
 0.13061081 0.13180886 0.12912293 0.12985967 0.12998144 0.12847686
 0.13499762 0.13606088 0.14021257 0.13849103 0.14023988 0.13868861
 0.1404229  0.13313541 0.12972885 0.1303489  0.12860428 0.13172176
 0.13048185 0.12866567 0.12981448 0.1313083  0.13080154 0.13142613
 0.13543329 0.1318862  0.13233262 0.13108751 0.1291689  0.13199969
 0.12868258 0.13111709 0.13442156 0.13421583 0.13394584 0.13381656
 0.13756013 0.13682085 0.14036128 0.13814346 0.13667913 0.13439737
 0.13376753 0.13062038 0.12829076 0.1283245  0.12651609 0.12184712
 0.12920383 0.12482371 0.12718163 0.12300676 0.12737969 0.12699501
 0.12794861 0.13082176 0.13282196 0.13419975 0.13506998 0.13389336
 0.13937917 0.13794492 0.13613135 0.13245021 0.13403651 0.1271528
 0.12782185 0.12893786 0.13281623 0.13167351 0.13183708 0.13246831
 0.13439693 0.1283487  0.13175231 0.12855828 0.1277536  0.12370966
 0.12691979 0.1314998  0.1348913  0.13605188 0.13727601 0.13646367
 0.13585287 0.13336146 0.13567835 0.12647212 0.12493284 0.12512441
 0.11967054 0.11890258 0.11881991 0.11857541 0.11987152 0.12440962
 0.12757479 0.13364615 0.12818168 0.12756613 0.12747817 0.1322957
 0.12572344 0.13109839 0.13491186 0.13650656 0.13589658 0.13486344
 0.13772239 0.13389073 0.12948054 0.12792706 0.12875856 0.12801462
 0.12789235 0.12832817 0.12850578 0.12449577 0.1267055  0.12318558]

ETTh1_336_96_DLinear_ETTh1_ftM_sl336_ll48_pl96_dm512_nh8_el2_dl1_df2048_fc1_ebtimeF_dtTrue_Exp_0  
mse:0.46313998103141785, mae:0.4738630950450897, rse:0.6464188098907471, corr:[0.29054388 0.28693995 0.28466296 0.28293616 0.281482   0.27880853
 0.2783925  0.27796105 0.27785966 0.27718562 0.2766632  0.27603108
 0.27610824 0.2751343  0.27581772 0.2753703  0.2752098  0.27523255
 0.27557322 0.27414432 0.27553156 0.27750462 0.27700025 0.27560946
 0.27489656 0.27299365 0.27259323 0.27259445 0.27278647 0.270558
 0.27155045 0.27173823 0.27156693 0.27080044 0.27013567 0.27016175
 0.2701761  0.27030718 0.2708967  0.26952404 0.26888654 0.26907626
 0.27007234 0.27113995 0.27152556 0.27346277 0.27401167 0.27364302
 0.26930746 0.2676521  0.2664368  0.264223   0.26404673 0.26410893
 0.26253963 0.26241806 0.26248235 0.26152018 0.26305217 0.26174608
 0.26034176 0.2603783  0.26152834 0.26146016 0.26143956 0.2606569
 0.261787   0.2619671  0.26172137 0.26192966 0.26235956 0.2583787
 0.2587382  0.25696117 0.25615457 0.25545016 0.25598118 0.2571059
 0.25710267 0.25624037 0.25457546 0.25455418 0.25327066 0.25448355
 0.25323522 0.2529134  0.2522344  0.2519858  0.25212917 0.25270155
 0.25349885 0.2515217  0.25296825 0.25319204 0.25462487 0.25516272]

ETTh1_336_192_DLinear_ETTh1_ftM_sl336_ll48_pl192_dm512_nh8_el2_dl1_df2048_fc1_ebtimeF_dtTrue_Exp_0  
mse:0.573771059513092, mae:0.552489161491394, rse:0.719327449798584, corr:[0.26835415 0.26722637 0.26413602 0.26502335 0.26483333 0.26447856
 0.26372162 0.26107594 0.2617781  0.25842503 0.2583313  0.25925508
 0.25823972 0.26031813 0.2591812  0.26092577 0.26067486 0.26231655
 0.2592921  0.2610123  0.2603315  0.25910717 0.2584623  0.25656983
 0.25508294 0.25558403 0.25650212 0.25586975 0.2538437  0.25291795
 0.25419387 0.25234997 0.24966861 0.25034213 0.24577832 0.24421395
 0.2517395  0.25204262 0.2520538  0.25582114 0.2558362  0.25520644
 0.25548482 0.2561111  0.25767195 0.25450093 0.25436977 0.24925943
 0.24931501 0.24769415 0.24611068 0.24697332 0.24869704 0.24907988
 0.24862462 0.2487337  0.24567811 0.24419904 0.24096912 0.24464908
 0.2462647  0.24679193 0.25043765 0.2501471  0.24827898 0.24638763
 0.24692348 0.24655604 0.2441155  0.24474172 0.24397294 0.24243957
 0.23885247 0.24209046 0.2405391  0.23918118 0.2410042  0.24290651
 0.24226339 0.24035385 0.24158792 0.23792875 0.23485622 0.23684408
 0.23620132 0.24049896 0.23791064 0.23834011 0.2391488  0.24002752
 0.236966   0.2393349  0.23954473 0.2383074  0.23702149 0.23720895
 0.23712751 0.23602885 0.23314524 0.23605451 0.23662557 0.2342934
 0.23714764 0.23466569 0.2334733  0.23337282 0.23168866 0.235136
 0.23220302 0.23448011 0.23730989 0.23829654 0.23489286 0.24054748
 0.23535869 0.23537104 0.23474285 0.23442565 0.23392503 0.23028396
 0.23048273 0.22597288 0.2277139  0.22931176 0.22946188 0.22890687
 0.22971094 0.23005235 0.230124   0.22672117 0.22627151 0.22946626
 0.2309187  0.2305377  0.23089318 0.23123622 0.22877853 0.22538255
 0.23105241 0.2256842  0.22634694 0.22514123 0.2226212  0.22106402
 0.221962   0.22137849 0.22246736 0.2232353  0.22197588 0.22450693
 0.22715698 0.22358622 0.22415495 0.22319095 0.21667618 0.22111547
 0.2231477  0.22852619 0.22664072 0.22230686 0.2261882  0.22707656
 0.23002942 0.22648731 0.22645158 0.22419155 0.22402902 0.21981809
 0.22385997 0.21707019 0.22290598 0.22054577 0.21615428 0.22070621
 0.2174648  0.21805581 0.22152418 0.22007217 0.22031863 0.21841246
 0.2213265  0.22114748 0.21931976 0.22304666 0.22232296 0.22178084
 0.22305745 0.2233105  0.22151576 0.22059533 0.22111848 0.21639752]

ETTh1_336_336_DLinear_ETTh1_ftM_sl336_ll48_pl336_dm512_nh8_el2_dl1_df2048_fc1_ebtimeF_dtTrue_Exp_0  
mse:0.7882912755012512, mae:0.674348771572113, rse:0.8452698588371277, corr:[0.26003692 0.25558597 0.25211304 0.2498297  0.24901828 0.24828786
 0.24620655 0.24543099 0.24396686 0.24377482 0.24195041 0.24306196
 0.24323016 0.24102193 0.2411776  0.24534288 0.24451703 0.24375154
 0.24196672 0.24095945 0.23869334 0.2413718  0.2387767  0.24346149
 0.24160668 0.24185468 0.23979722 0.23809937 0.23871608 0.23930104
 0.23855498 0.2385756  0.23917127 0.24095945 0.24120127 0.24129547
 0.2397891  0.23953725 0.23768616 0.23803009 0.23735169 0.23687154
 0.23594007 0.23598962 0.23379283 0.2307344  0.23120011 0.23231044
 0.23200594 0.22842708 0.23229818 0.2265295  0.2319453  0.22844924
 0.22862579 0.22986929 0.2304602  0.23079942 0.23283477 0.23139572
 0.23054704 0.23024839 0.22916192 0.23107892 0.23184384 0.23255214
 0.22882612 0.23023044 0.22664258 0.22576754 0.22544892 0.2254422
 0.22389801 0.22229578 0.22341076 0.22516374 0.22494446 0.22832187
 0.2280786  0.22542062 0.22412767 0.22396871 0.22262424 0.22158508
 0.22105737 0.21638401 0.21972795 0.21931976 0.22183254 0.22174783
 0.21968271 0.22229907 0.22043093 0.21438082 0.21414004 0.21293642
 0.21700104 0.21721958 0.21697378 0.21947856 0.22159454 0.22419108
 0.22550951 0.22300704 0.22124864 0.22412655 0.22040026 0.22290517
 0.22219476 0.2193507  0.22141184 0.21947147 0.2173601  0.21469206
 0.21541698 0.21501125 0.21472843 0.21129243 0.2135008  0.21643707
 0.21612671 0.21376953 0.21399806 0.21386816 0.21672876 0.21823838
 0.21620426 0.21474965 0.21398324 0.21395433 0.21780132 0.21860944
 0.21692681 0.2174328  0.21731305 0.2168234  0.21656004 0.21351728
 0.21040477 0.21089248 0.21021467 0.20912668 0.21051577 0.20750056
 0.20888174 0.20946336 0.2107315  0.21368153 0.21505517 0.21310174
 0.21554895 0.2164625  0.21250118 0.21304704 0.21563104 0.21305817
 0.21281195 0.20951442 0.20860747 0.21268481 0.20957208 0.21071838
 0.21032149 0.21070255 0.20880428 0.20937769 0.20832036 0.20912308
 0.20923525 0.20799753 0.20665143 0.2082912  0.20717548 0.20799749
 0.20848721 0.21068528 0.20761728 0.21038125 0.2077949  0.21209866
 0.2083479  0.20754842 0.21095546 0.21121174 0.211226   0.2105031
 0.21203084 0.2136665  0.2104606  0.21040848 0.20955801 0.21283956
 0.21113451 0.20958607 0.20985998 0.21110986 0.21120657 0.21079095
 0.20845279 0.2058261  0.20621057 0.20487088 0.20716824 0.21177262
 0.21179421 0.21084651 0.21194318 0.20670755 0.20709307 0.20556563
 0.20590505 0.20770574 0.2041943  0.20488718 0.20451458 0.20428467
 0.20533222 0.20314388 0.20456943 0.20128727 0.20488906 0.20295893
 0.20286696 0.19669664 0.19925542 0.1971542  0.2008653  0.20360857
 0.19690646 0.20088552 0.19908525 0.20122421 0.20255283 0.20165055
 0.20076019 0.19887678 0.19807906 0.20334646 0.20403573 0.2017154
 0.20149973 0.19901048 0.20047708 0.19924977 0.20085092 0.20116052
 0.20196062 0.20025757 0.19487487 0.19932279 0.19531117 0.1972473
 0.19971536 0.2009713  0.20387785 0.2035274  0.20477074 0.20034367
 0.20183484 0.20005868 0.19926436 0.19739196 0.19944382 0.20227122
 0.20390268 0.20426756 0.20325528 0.20620632 0.2064549  0.20271938
 0.1999922  0.19987507 0.20319046 0.20112173 0.2000736  0.20086686
 0.1991772  0.19646192 0.19642307 0.1978528  0.19829522 0.19850986
 0.19948015 0.1975678  0.19664834 0.19759017 0.19714254 0.19440365
 0.2015529  0.20086958 0.2006941  0.20058727 0.19551694 0.1962935
 0.19433664 0.19234005 0.19936216 0.19558202 0.19754757 0.20267399
 0.19997822 0.20546487 0.20358592 0.20104791 0.20402591 0.2005898
 0.19983982 0.19832535 0.19452077 0.19574194 0.1971118  0.19898285
 0.20046611 0.197987   0.1954891  0.19638151 0.19810979 0.1991628
 0.20020555 0.19934641 0.19912504 0.20289621 0.20299084 0.19974622
 0.20036083 0.2034501  0.20296642 0.20171945 0.19817948 0.19932774
 0.19742979 0.19667764 0.20024306 0.19687402 0.20077038 0.19839641]

ETTh1_336_720_DLinear_ETTh1_ftM_sl336_ll48_pl720_dm512_nh8_el2_dl1_df2048_fc1_ebtimeF_dtTrue_Exp_0  
mse:1.1172747611999512, mae:0.8207762241363525, rse:1.0118868350982666, corr:[0.1930948  0.19580612 0.19804963 0.19606245 0.1901526  0.18627164
 0.18184853 0.17756687 0.18082866 0.18406107 0.18388097 0.17997423
 0.17786534 0.17789882 0.17429332 0.1723205  0.16921812 0.17149122
 0.17083213 0.17408885 0.17178625 0.17292932 0.17315312 0.1776288
 0.1823978  0.1873092  0.18654886 0.1854154  0.1789305  0.18080646
 0.17567083 0.1749739  0.17394906 0.17915364 0.178363   0.17130268
 0.16978817 0.1640811  0.16175197 0.15842429 0.15893333 0.16753389
 0.16683635 0.16073641 0.15709315 0.16367948 0.16385132 0.16831677
 0.17032251 0.16789567 0.17733297 0.176687   0.17459892 0.17140932
 0.17085886 0.16780283 0.1662813  0.16922808 0.1709184  0.16716494
 0.1662337  0.16781887 0.16747297 0.16442747 0.16109803 0.16189994
 0.16000749 0.15652086 0.15177047 0.15603065 0.15396735 0.16222383
 0.16742946 0.1670557  0.16818036 0.17368549 0.17560978 0.17543216
 0.16949405 0.16760316 0.16016051 0.16326328 0.16529588 0.16033925
 0.15981288 0.16478403 0.16743594 0.16381103 0.15855537 0.15665217
 0.15377657 0.14524801 0.14401005 0.14275962 0.15180579 0.15171656
 0.15218078 0.15427285 0.1664512  0.17467815 0.1709797  0.16765743
 0.16210932 0.15892112 0.15336476 0.15951736 0.16129017 0.1614719
 0.1610182  0.16354744 0.16689241 0.1639027  0.15991296 0.15521982
 0.14991643 0.15125017 0.1448328  0.1453559  0.14986283 0.15656416
 0.15671805 0.16234916 0.16009268 0.16385598 0.16375639 0.16368718
 0.1584871  0.15800345 0.1544132  0.15680501 0.15828888 0.15473051
 0.15180278 0.15443705 0.15264831 0.14629646 0.15017089 0.14832182
 0.14649606 0.14627595 0.14287737 0.1491784  0.15429826 0.15969534
 0.16130544 0.16129719 0.16461906 0.16359727 0.15869011 0.15560126
 0.15486646 0.15685844 0.15857375 0.16187535 0.1611527  0.15286452
 0.15282324 0.14790304 0.15183912 0.14307259 0.14473923 0.14598858
 0.14899045 0.15211587 0.15400529 0.15394318 0.15716955 0.16004917
 0.159751   0.16269223 0.15960917 0.15496959 0.15560067 0.15190949
 0.15251772 0.1548835  0.15598287 0.15596776 0.15641515 0.15741186
 0.1567526  0.15565184 0.15530197 0.15429565 0.15008046 0.15299593
 0.15346359 0.14524241 0.14265245 0.14136682 0.14256674 0.15384658
 0.15424302 0.1531954  0.15648103 0.15502748 0.15181479 0.15118071
 0.1502088  0.15211684 0.14787038 0.15701975 0.15012908 0.15360811
 0.15411828 0.15103975 0.15949973 0.15346768 0.15434709 0.15556435
 0.15396589 0.15444806 0.14588755 0.14838201 0.15208413 0.15582058
 0.15711543 0.153284   0.15513025 0.15311615 0.15120415 0.1503839
 0.15214893 0.15024321 0.15444326 0.15815346 0.15758209 0.15663134
 0.15444252 0.15544388 0.1556029  0.15169463 0.14988233 0.1552516
 0.15026289 0.15046364 0.1461313  0.14314845 0.1454905  0.14142114
 0.14911814 0.1509485  0.15145136 0.14976801 0.14648806 0.14244519
 0.13952364 0.14596581 0.14576298 0.15265577 0.15315779 0.15211657
 0.14996184 0.14817014 0.14642522 0.14945687 0.14793587 0.15014315
 0.14942658 0.15016392 0.1456915  0.14885251 0.15352292 0.15457873
 0.15361243 0.15712151 0.15205304 0.15174207 0.15001586 0.14604956
 0.14947748 0.146567   0.14292097 0.1453071  0.14810292 0.14807421
 0.1456661  0.14918624 0.15120764 0.14817896 0.14173323 0.14557754
 0.14090028 0.14457868 0.14264785 0.1493367  0.14802217 0.15632394
 0.1571585  0.160332   0.15850478 0.15581952 0.15495877 0.1513496
 0.15114392 0.14978981 0.15331802 0.15200408 0.14865062 0.14877039
 0.14707997 0.1461511  0.15231435 0.1444546  0.14443114 0.14194556
 0.14870691 0.15061074 0.14871849 0.15108573 0.15785734 0.16099837
 0.15897304 0.15757066 0.15875292 0.15699133 0.15455087 0.15268467
 0.14500175 0.14342555 0.14568669 0.14880645 0.1499618  0.14944658
 0.14410873 0.1438635  0.14339505 0.14582454 0.13772947 0.14204338
 0.14487152 0.14170615 0.14603592 0.15376636 0.1579766  0.16146941
 0.16154754 0.15958448 0.15395665 0.14947194 0.14626697 0.14339083
 0.1402253  0.14291725 0.14841048 0.14785807 0.14847568 0.14984475
 0.14704165 0.14536591 0.14471452 0.14399709 0.14447126 0.1486809
 0.14816423 0.15494023 0.15075304 0.15626399 0.15516298 0.15945318
 0.16047242 0.15894532 0.15850012 0.15677781 0.15012185 0.14628306
 0.14678693 0.14934294 0.15092523 0.15064637 0.15295684 0.14960334
 0.14686193 0.14957018 0.15131614 0.1518515  0.14763734 0.14742565
 0.15081985 0.15029638 0.14842726 0.14362073 0.14745587 0.1507321
 0.1510488  0.15029156 0.15180968 0.14770262 0.14564383 0.14471297
 0.14104316 0.144246   0.14383388 0.1495697  0.14649124 0.14735606
 0.1465373  0.151943   0.15449493 0.15161543 0.15248433 0.15403464
 0.15249488 0.15200569 0.1474048  0.14651518 0.15069653 0.1505687
 0.15392013 0.15519965 0.1561313  0.15409037 0.14981683 0.14175317
 0.13747486 0.1386523  0.15118884 0.15676147 0.15870841 0.15775482
 0.15341191 0.15361963 0.14755292 0.14201522 0.14005776 0.14689115
 0.15408143 0.15684855 0.14972328 0.14845236 0.15076508 0.157483
 0.15657736 0.1560424  0.15294152 0.15269226 0.15051435 0.14672378
 0.14314185 0.14597435 0.15084217 0.14847867 0.14939134 0.14982544
 0.14574514 0.14524473 0.14318629 0.13558182 0.14276351 0.14335336
 0.14736313 0.14597937 0.1534782  0.15629165 0.15821645 0.16000518
 0.1574658  0.16152158 0.15821482 0.15871473 0.15397596 0.14726847
 0.14274251 0.14388151 0.14657593 0.14898004 0.14241286 0.14572844
 0.14742348 0.14886774 0.14703444 0.1439028  0.14442694 0.15065338
 0.1478437  0.15023494 0.14574128 0.15032169 0.14935592 0.1511431
 0.15622388 0.1526539  0.15290678 0.152937   0.14898477 0.14779955
 0.1431222  0.14591883 0.14908388 0.15235282 0.15094405 0.15091163
 0.15530007 0.15134966 0.15247399 0.1522838  0.15087098 0.14888841
 0.14709298 0.14451194 0.14552324 0.14332777 0.14709139 0.1465569
 0.1537374  0.15012258 0.14796478 0.14455399 0.14384925 0.14787513
 0.14194994 0.14881928 0.1472841  0.14879318 0.15244813 0.15569621
 0.15544982 0.1570244  0.15836881 0.15392523 0.15335298 0.15268853
 0.14974923 0.14543635 0.14259689 0.14473447 0.14576145 0.1477198
 0.14824887 0.14749917 0.14540032 0.14055528 0.13810115 0.13410805
 0.13538955 0.140338   0.14540063 0.14271414 0.1481141  0.14812978
 0.14736311 0.14603981 0.144131   0.14426363 0.14278525 0.14559491
 0.1460057  0.14567219 0.14150274 0.14142169 0.14186285 0.14666079
 0.14032285 0.13697089 0.13773705 0.13863449 0.13589066 0.13569447
 0.13813967 0.1344949  0.13561347 0.13979293 0.13748135 0.13691016
 0.13948327 0.1368155  0.13667221 0.13841715 0.14414573 0.14111699
 0.14367925 0.13752092 0.13942128 0.13672505 0.14378028 0.14400658
 0.14390276 0.1373665  0.13499269 0.13346444 0.12701064 0.12639032
 0.12761302 0.1284944  0.13232003 0.13278472 0.13214217 0.13512757
 0.13647175 0.13991103 0.13861811 0.13146959 0.12581377 0.1339151
 0.13107246 0.13129523 0.133823   0.13083573 0.1369398  0.13600896
 0.1358215  0.13469513 0.13408919 0.1297133  0.12964414 0.126404
 0.12536807 0.12990199 0.13060795 0.1318741  0.13053188 0.13467436
 0.13697678 0.13178964 0.13396828 0.12972449 0.12849632 0.13393116
 0.13214149 0.12810218 0.13184854 0.1323087  0.13530086 0.13412939
 0.13284388 0.13328527 0.13133231 0.1310502  0.12774943 0.12630388
 0.12242586 0.12025925 0.12462249 0.1255335  0.13122    0.13293843
 0.13364588 0.1276203  0.13284765 0.13039607 0.12719606 0.13151243
 0.13327649 0.1292367  0.12894693 0.13342346 0.13265905 0.14124921
 0.13500686 0.13696322 0.13262443 0.12901115 0.12868033 0.12450433
 0.12004896 0.11900391 0.12602533 0.12456628 0.13064234 0.13030766
 0.13230097 0.12472277 0.12799902 0.12709634 0.12716042 0.12541147
 0.13120481 0.13090788 0.13059355 0.12985265 0.12985878 0.13262261
 0.1286384  0.13018785 0.12838487 0.1288047  0.12397116 0.12081086
 0.12161995 0.1248351  0.12432181 0.1254956  0.12887597 0.13212639
 0.13106588 0.130154   0.12848817 0.12374435 0.12635997 0.12961541
 0.12598038 0.12662455 0.12583259 0.12912251 0.13113242 0.1324343
 0.1315877  0.13352452 0.13290162 0.12934744 0.1235584  0.12429234
 0.12114824 0.1206146  0.12487732 0.12739004 0.13520281 0.13312231
 0.13315248 0.13140798 0.12796228 0.12401084 0.1230702  0.11942278
 0.12138508 0.12286573 0.12476075 0.12569427 0.13246849 0.1316757 ]

