ETTh1_336_96_DLinear_ETTh1_ftM_sl336_ll48_pl96_dm512_nh8_el2_dl1_df2048_fc1_ebtimeF_dtTrue_Exp_0  
mse:0.5266129970550537, mae:0.5250193476676941, rse:0.6892926096916199, corr:[0.28063524 0.2747402  0.27067325 0.26759398 0.26592958 0.26444405
 0.26441666 0.26430863 0.26411    0.2642689  0.26362684 0.2629356
 0.26398665 0.26366445 0.26315683 0.2604995  0.2614343  0.26191145
 0.26182175 0.2621683  0.26241177 0.26422188 0.2645658  0.26314786
 0.26068166 0.25865513 0.2554456  0.2547142  0.25460833 0.25609252
 0.25727856 0.25791353 0.2576684  0.25726756 0.25772858 0.25742278
 0.25715494 0.2566919  0.25592205 0.25480726 0.25429916 0.25587887
 0.25582194 0.2564151  0.25702778 0.25781453 0.2596912  0.25764474
 0.25568974 0.2534052  0.24977489 0.24757892 0.24818203 0.24793331
 0.24802326 0.24835882 0.24682061 0.24598841 0.2448944  0.24510098
 0.24500161 0.24680066 0.24635275 0.24538323 0.2447766  0.24500337
 0.2460162  0.24698396 0.24753939 0.24710809 0.24723348 0.24447265
 0.24159332 0.2402513  0.23762384 0.23817952 0.23908025 0.2382385
 0.23937348 0.2405138  0.23919651 0.23966238 0.23842075 0.23904988
 0.23884164 0.23932908 0.23833959 0.23684727 0.23686941 0.23638201
 0.23682016 0.2382461  0.23792684 0.23871553 0.2399843  0.23983377]

ETTh1_336_192_DLinear_ETTh1_ftM_sl336_ll48_pl192_dm512_nh8_el2_dl1_df2048_fc1_ebtimeF_dtTrue_Exp_0  
mse:0.676905632019043, mae:0.6170039176940918, rse:0.7813063859939575, corr:[0.26589295 0.26329955 0.2616308  0.25995138 0.25821003 0.25522518
 0.25302333 0.25223455 0.25160766 0.25156492 0.25095817 0.2507365
 0.25003296 0.24944189 0.2507712  0.24999471 0.25018445 0.2504034
 0.24886972 0.24832691 0.24970052 0.25089762 0.25184077 0.2510656
 0.2492035  0.24881876 0.24758226 0.24705264 0.24699575 0.24576902
 0.24507622 0.24529375 0.24454682 0.24384424 0.24288896 0.24291661
 0.24409291 0.2447799  0.24420221 0.24328241 0.24247526 0.24148296
 0.2408779  0.24069406 0.24166591 0.2425157  0.24389705 0.24249707
 0.23959859 0.23882097 0.23847334 0.23752086 0.23682752 0.23545252
 0.23476505 0.2352453  0.23519893 0.23632085 0.23658685 0.23741207
 0.23649591 0.23535573 0.2348845  0.234434   0.23265001 0.23291108
 0.23329557 0.23366846 0.23407023 0.23363169 0.23212337 0.2296034
 0.22828159 0.2285382  0.22863452 0.22944751 0.22931828 0.22873788
 0.22823116 0.22845724 0.22837771 0.22870849 0.22873385 0.22974668
 0.22843492 0.22766635 0.22690372 0.22436768 0.22529729 0.22604053
 0.226592   0.22788835 0.22836593 0.22799687 0.22802751 0.22726026
 0.22610599 0.22524023 0.22557983 0.2247525  0.2251386  0.22532892
 0.22637542 0.22768706 0.22755201 0.22709921 0.22804582 0.22814459
 0.22719216 0.22692776 0.22797239 0.22649902 0.22694051 0.22697525
 0.22632879 0.2252778  0.2266155  0.2263152  0.22427607 0.22176865
 0.22220163 0.21998827 0.21896927 0.2195811  0.22041787 0.22129652
 0.22171889 0.2221376  0.22293527 0.22347124 0.22333553 0.22308622
 0.22387311 0.22233282 0.2224203  0.22145414 0.22129194 0.22006716
 0.22092289 0.22063436 0.22049737 0.21799834 0.21928358 0.21844272
 0.21841376 0.2173328  0.2167013  0.21824735 0.21829881 0.2177379
 0.2176404  0.21955813 0.21922006 0.21926805 0.2198127  0.22024968
 0.21853136 0.21872808 0.21861902 0.21681544 0.21609983 0.21633096
 0.21532853 0.21528085 0.21708225 0.2177953  0.21775793 0.21780984
 0.21752468 0.21529767 0.21524657 0.21495774 0.21514261 0.21382162
 0.2130348  0.2138268  0.2133673  0.21379212 0.21488047 0.21502666
 0.2138922  0.21393572 0.21373723 0.21394984 0.21452883 0.21461974
 0.21453701 0.21538068 0.21598965 0.2171063  0.21553226 0.21323028]

ETTh1_336_336_DLinear_ETTh1_ftM_sl336_ll48_pl336_dm512_nh8_el2_dl1_df2048_fc1_ebtimeF_dtTrue_Exp_0  
mse:0.8025485277175903, mae:0.6860042214393616, rse:0.8528795838356018, corr:[0.25549787 0.25434634 0.25559384 0.25314355 0.2507476  0.24711497
 0.24710968 0.24599904 0.24537306 0.24515049 0.24438828 0.2449721
 0.24610369 0.24487886 0.24506517 0.24371764 0.242538   0.24447285
 0.24595891 0.24640594 0.24548213 0.24479207 0.24348545 0.24217299
 0.24110243 0.241326   0.24167821 0.24102327 0.24022342 0.24061137
 0.23901185 0.23882923 0.2394557  0.2390863  0.24025041 0.24067308
 0.24247333 0.24153896 0.24044386 0.24162586 0.2409732  0.24233092
 0.23863141 0.24109595 0.24107198 0.23885366 0.23708937 0.23835196
 0.23590855 0.23560058 0.2342685  0.23188214 0.23355164 0.23348504
 0.2351958  0.23454832 0.23337291 0.233325   0.23268321 0.23352388
 0.23564312 0.23609157 0.23623762 0.23563981 0.23737717 0.2387382
 0.23747392 0.23672199 0.23640436 0.2351394  0.23476003 0.23210004
 0.23080514 0.22880475 0.22722055 0.22892335 0.22714815 0.2277324
 0.22696018 0.22278507 0.22258978 0.22144358 0.22173706 0.22519213
 0.22702608 0.22544132 0.22884801 0.22911093 0.22898433 0.22976018
 0.22943838 0.22763753 0.2268584  0.22663195 0.22779398 0.22547433
 0.22204578 0.22197826 0.22213592 0.2192065  0.21977678 0.22017562
 0.21845976 0.21802475 0.21709794 0.21949856 0.2193732  0.22031324
 0.22166452 0.22248486 0.22051679 0.22292097 0.22419657 0.22558324
 0.22610033 0.22391799 0.22503588 0.2254422  0.22408605 0.22105622
 0.217642   0.21394515 0.2133813  0.2130937  0.2134004  0.21301773
 0.21061197 0.21227694 0.21046102 0.21181189 0.21412778 0.21620937
 0.21765488 0.21915956 0.21960971 0.22002251 0.21931686 0.21965136
 0.22004028 0.21916854 0.21974714 0.21958007 0.21644598 0.21621358
 0.21263546 0.21132275 0.21144323 0.21102613 0.21142988 0.20824307
 0.20806819 0.20745188 0.21000814 0.21035586 0.20830522 0.21259707
 0.2136012  0.2153193  0.2172557  0.21326512 0.21253861 0.21140087
 0.2118179  0.21251644 0.2124411  0.21221597 0.21343867 0.21304232
 0.21073045 0.20962667 0.21008134 0.20972171 0.20723642 0.20627615
 0.20454858 0.20288415 0.20449163 0.2060314  0.20978634 0.21291271
 0.21487734 0.21293974 0.21298614 0.21261628 0.21349543 0.21066515
 0.21001476 0.20989953 0.20938602 0.21099932 0.2095747  0.20889346
 0.2084779  0.2091276  0.20626235 0.20819591 0.20472214 0.2034917
 0.20340084 0.2019909  0.20109636 0.20177951 0.20529611 0.20720285
 0.20843789 0.2088074  0.21238463 0.210304   0.21221039 0.21098572
 0.20972647 0.20843832 0.20756227 0.20808977 0.20753749 0.20665525
 0.20492229 0.2012289  0.20010822 0.19905502 0.199314   0.19939817
 0.20161217 0.19893281 0.19812213 0.19855814 0.19731201 0.2012637
 0.20313115 0.20340824 0.20097686 0.20260088 0.20363842 0.20664835
 0.20429945 0.20297939 0.20238647 0.20527299 0.20370504 0.20516825
 0.20002916 0.20126216 0.19767278 0.19819981 0.19433902 0.19117704
 0.19542097 0.19537629 0.19842756 0.19897625 0.2024978  0.20310974
 0.20449167 0.20471485 0.20560877 0.20287155 0.20489825 0.20183179
 0.20189507 0.20027559 0.20024627 0.19925603 0.19989201 0.19597806
 0.19673075 0.19559556 0.19469155 0.19591549 0.1953493  0.19724609
 0.19813852 0.19540495 0.19496717 0.19898558 0.19620407 0.20123632
 0.20154534 0.2016507  0.20015155 0.19995931 0.20275503 0.20004983
 0.19855867 0.19926916 0.2011888  0.20210923 0.20067224 0.19959757
 0.19768062 0.19531088 0.19848764 0.19905452 0.19860132 0.19829866
 0.19989981 0.1999965  0.1995643  0.20001924 0.20198567 0.20452543
 0.20589167 0.20434372 0.2050586  0.20324977 0.20134996 0.2022265
 0.20093709 0.19846836 0.19718069 0.19979623 0.19699603 0.19972014
 0.19953014 0.1992225  0.19917785 0.19871245 0.19982168 0.19856387
 0.19872797 0.19828512 0.19787915 0.20118928 0.20315045 0.20372336
 0.2019216  0.20051864 0.2014478  0.2031274  0.20354813 0.20133062
 0.20004243 0.20059106 0.20021972 0.20105943 0.20245151 0.20191723]

ETTh1_336_720_DLinear_ETTh1_ftM_sl336_ll48_pl720_dm512_nh8_el2_dl1_df2048_fc1_ebtimeF_dtTrue_Exp_0  
mse:1.035947322845459, mae:0.8072787523269653, rse:0.9743630290031433, corr:[0.19461592 0.19497484 0.19132638 0.18871881 0.18524832 0.18080856
 0.17668802 0.17471848 0.1773673  0.17889911 0.1759078  0.17596312
 0.17452562 0.1718259  0.16823354 0.16483194 0.16136856 0.15923628
 0.15855499 0.15665741 0.15897243 0.16552612 0.16777076 0.17580631
 0.1789644  0.18230009 0.18007198 0.17262426 0.17277537 0.1752635
 0.17199129 0.17289422 0.17131239 0.17448385 0.17679958 0.1791646
 0.17230023 0.17502534 0.16559121 0.16066118 0.15631051 0.15917799
 0.14905064 0.15155186 0.15485269 0.15897042 0.15990365 0.16510095
 0.16991195 0.17146474 0.16973376 0.16871507 0.16865888 0.16705419
 0.16873585 0.16423656 0.16509548 0.16430114 0.16758381 0.16684972
 0.17008692 0.16717336 0.16861497 0.16746384 0.15871862 0.15072352
 0.15533559 0.1525458  0.15449166 0.15836181 0.16025983 0.16172567
 0.16114752 0.16685344 0.163058   0.1631907  0.16172628 0.15937862
 0.16323265 0.16300745 0.15964094 0.15800028 0.1606842  0.16639273
 0.16937855 0.16819903 0.16647185 0.16318886 0.16141336 0.15877716
 0.15655647 0.15658881 0.155828   0.15849389 0.15872373 0.16500047
 0.16819197 0.1657349  0.16472134 0.16434468 0.16072786 0.16120183
 0.16173036 0.16519114 0.16282164 0.16056661 0.16429462 0.16579324
 0.17010061 0.16781746 0.16801248 0.16088863 0.15502685 0.15013987
 0.14773895 0.15496063 0.15378834 0.1550332  0.1602867  0.16078219
 0.16141444 0.16281138 0.15982689 0.15978687 0.1581146  0.16087328
 0.15990606 0.15733844 0.15705897 0.15489426 0.15377237 0.15426064
 0.15405276 0.15947802 0.15503599 0.15377311 0.15427941 0.1510733
 0.15386012 0.15900825 0.1588951  0.16214944 0.15945458 0.16065839
 0.16218922 0.15670113 0.14949025 0.14782135 0.15076357 0.15256217
 0.1511125  0.15057053 0.1539734  0.15323305 0.15839359 0.1620856
 0.16350868 0.16299802 0.15929386 0.15740134 0.15481763 0.15252471
 0.15059158 0.14727037 0.14728357 0.15177202 0.15239277 0.15508498
 0.15822993 0.15814973 0.15968165 0.15847282 0.15617357 0.15834108
 0.15943994 0.15854998 0.1571467  0.15684348 0.15514925 0.15839766
 0.16327363 0.16028391 0.1594945  0.1568115  0.14718825 0.14765795
 0.14223005 0.1415547  0.14688002 0.15305181 0.15350167 0.15654904
 0.15804781 0.15931466 0.16034174 0.16114187 0.15682584 0.15806916
 0.15356536 0.15014137 0.15499373 0.15727639 0.16029094 0.16168119
 0.16205373 0.16071859 0.15938672 0.15881276 0.15728553 0.15213618
 0.14823039 0.14791237 0.14725819 0.14987448 0.1526399  0.15243667
 0.15833803 0.15857634 0.15889603 0.15667094 0.15357025 0.1555979
 0.15480512 0.15027459 0.15530422 0.15813184 0.15897416 0.1570197
 0.16050613 0.16198312 0.16079657 0.15518843 0.14998642 0.14910436
 0.1467006  0.14773995 0.14598098 0.14514741 0.14883363 0.15197249
 0.15415592 0.15564808 0.15691355 0.15326391 0.15264738 0.15065192
 0.14763804 0.14727986 0.15014993 0.1492337  0.14840432 0.15415192
 0.15484352 0.1566613  0.1557739  0.15718074 0.1514614  0.15156335
 0.1473924  0.14376734 0.14581226 0.14696145 0.14398175 0.14860442
 0.15142417 0.15379801 0.15585111 0.15421107 0.14787325 0.14594363
 0.14732124 0.1521788  0.15181686 0.1494245  0.14850321 0.15151037
 0.1556889  0.15486076 0.1518476  0.14912519 0.15074497 0.14465712
 0.14489007 0.14616975 0.1435092  0.14480563 0.14970322 0.15229018
 0.15732077 0.15552561 0.15765408 0.15384622 0.15195772 0.15422006
 0.15327106 0.1555183  0.15361167 0.15315379 0.15226746 0.15109056
 0.1495537  0.1489321  0.144173   0.1379103  0.13537131 0.13345072
 0.12892571 0.13006148 0.1391501  0.14462706 0.1490652  0.15100628
 0.15697026 0.1584296  0.15732679 0.15566382 0.15520583 0.1560823
 0.15649267 0.15868387 0.15997773 0.15662587 0.15672939 0.15630803
 0.15174611 0.14934501 0.14438622 0.14652796 0.14406067 0.14132588
 0.13576582 0.13982596 0.14735037 0.14388606 0.14471006 0.14894135
 0.1485394  0.15529135 0.15366271 0.15189599 0.1493672  0.1512498
 0.15007639 0.1477018  0.14915878 0.14629051 0.1534298  0.15620197
 0.15926413 0.15955313 0.15990444 0.15962464 0.15750104 0.15666157
 0.14919065 0.14732602 0.14855652 0.15180556 0.15277143 0.15384918
 0.15357837 0.15656747 0.15469489 0.14955918 0.14626305 0.14683829
 0.14528325 0.14569724 0.1481375  0.14933065 0.15279475 0.15958303
 0.16295892 0.16082443 0.15762678 0.15596676 0.15171945 0.14874288
 0.14772744 0.14502092 0.14910746 0.15213312 0.15197036 0.15214394
 0.1513853  0.15353476 0.15564854 0.14965054 0.1473754  0.14419039
 0.14097553 0.13586332 0.14477292 0.14652833 0.14962944 0.15197241
 0.15382436 0.15188754 0.15132706 0.1495498  0.1462169  0.14070122
 0.1351533  0.14058936 0.1441451  0.15110922 0.15459624 0.15806341
 0.15795268 0.15687223 0.15353534 0.15041299 0.141575   0.13960439
 0.14383903 0.1431073  0.14873357 0.15306614 0.15394516 0.15296006
 0.15211266 0.15175895 0.15050079 0.15115407 0.14972994 0.14658158
 0.14538524 0.15228353 0.15289247 0.15017669 0.15055513 0.15018651
 0.15174948 0.15294884 0.15054202 0.14602675 0.14552668 0.14310633
 0.14816527 0.14919043 0.15188473 0.1497891  0.15322316 0.15115543
 0.15600921 0.15379718 0.15152867 0.15231238 0.15363882 0.15178727
 0.15136695 0.14999494 0.15328306 0.15504178 0.15443993 0.15476608
 0.15761372 0.1537813  0.15226358 0.14954317 0.14617491 0.14318359
 0.14650151 0.14856583 0.15137681 0.1492086  0.14635529 0.14793068
 0.14999019 0.15489265 0.15451263 0.15302894 0.1509109  0.14879408
 0.14605016 0.14460517 0.14531146 0.14944953 0.14915922 0.15026622
 0.15061417 0.15180899 0.15312178 0.1500124  0.15073138 0.15332575
 0.15279597 0.15028132 0.15079181 0.15049553 0.14405672 0.14727546
 0.1485373  0.1504799  0.15051612 0.15239815 0.14740321 0.14529632
 0.13805464 0.13386688 0.13543324 0.14300774 0.14550239 0.1504033
 0.15705541 0.15603559 0.15231253 0.14895941 0.14715444 0.14740759
 0.15076838 0.15005769 0.15265624 0.15580858 0.1576249  0.1604854
 0.16135097 0.15956503 0.15697041 0.15873197 0.1516532  0.14908452
 0.14851718 0.14778872 0.15077904 0.1527895  0.15529498 0.15615895
 0.15612246 0.15477373 0.14833933 0.14503305 0.14348479 0.14407341
 0.14346394 0.14006072 0.1422416  0.14184952 0.14792143 0.14880742
 0.15212934 0.15215655 0.15255328 0.15097886 0.14861982 0.14612456
 0.14486898 0.14615165 0.14622085 0.15034041 0.1487342  0.14842588
 0.14684448 0.14436418 0.1417518  0.13993083 0.13437292 0.133541
 0.1382789  0.13706641 0.1368686  0.13913497 0.13770583 0.13997267
 0.13886057 0.13621376 0.13554887 0.1293852  0.12523706 0.1235257
 0.12494974 0.12584287 0.13672547 0.14147054 0.14022033 0.14353476
 0.13735408 0.136201   0.13509753 0.13139887 0.1299088  0.1295823
 0.13040385 0.12663558 0.1273713  0.12200233 0.11975404 0.12745543
 0.1323316  0.13496879 0.13541637 0.1362919  0.13700417 0.13875388
 0.13663238 0.1369345  0.14088973 0.14071067 0.13903536 0.1391314
 0.13952112 0.13702649 0.13826098 0.13467407 0.12893246 0.12828046
 0.12680367 0.12762332 0.13596086 0.13833259 0.13943034 0.14126469
 0.14267999 0.13905735 0.13978705 0.13362007 0.13140619 0.13408904
 0.13307238 0.13236211 0.13105142 0.1380863  0.13678095 0.13787019
 0.14112954 0.13903543 0.13720836 0.13479422 0.13090998 0.1317102
 0.13308144 0.13958633 0.14059189 0.13895959 0.13651316 0.13700996
 0.14107092 0.14425912 0.14224005 0.14335652 0.14253595 0.13890554
 0.13675857 0.13371086 0.13262151 0.13330013 0.13432594 0.13960409
 0.1426149  0.13937768 0.13721763 0.13529216 0.13092293 0.13337594
 0.13787954 0.13705379 0.13816047 0.14243539 0.13957353 0.14306916
 0.14372273 0.14533705 0.14151369 0.13749224 0.13722013 0.13471736
 0.13216531 0.13246177 0.13026236 0.13076735 0.13312851 0.13647047
 0.13772127 0.13712907 0.13781704 0.13308579 0.13299431 0.13260348
 0.13484812 0.13434485 0.1362076  0.13884057 0.13713263 0.14033133
 0.14043297 0.14208463 0.14105062 0.13944706 0.13283662 0.12869252
 0.12390096 0.12814724 0.12982787 0.1302721  0.13237503 0.13724343
 0.14016727 0.13839065 0.13803114 0.13664609 0.13619031 0.13402826
 0.1358647  0.13871291 0.1408089  0.13895811 0.13757391 0.13823412
 0.13819599 0.14160994 0.13605972 0.13267517 0.12814035 0.12745196
 0.12770464 0.13013002 0.12924698 0.13484775 0.13536352 0.13512205]

ETTh1_336_96_DLinear_ETTh1_ftM_sl336_ll48_pl96_dm512_nh8_el2_dl1_df2048_fc1_ebtimeF_dtTrue_Exp_0  
mse:0.8612442016601562, mae:0.7366960644721985, rse:0.881497323513031, corr:[0.249332   0.24776548 0.24419275 0.2410968  0.23791365 0.22767442
 0.23213361 0.2345794  0.23584294 0.22937885 0.23011728 0.22790731
 0.22997135 0.23078053 0.23264556 0.2335789  0.23633136 0.23569223
 0.22982273 0.23069406 0.22749658 0.22813442 0.22864795 0.23173612
 0.23221071 0.22903447 0.22499575 0.22858074 0.22401889 0.22647473
 0.22142003 0.22514924 0.22637394 0.22193576 0.2224921  0.21922204
 0.21914668 0.214714   0.2075836  0.2147845  0.21280694 0.21961854
 0.22085027 0.21562327 0.21147949 0.21299273 0.21784292 0.22103143
 0.22207628 0.21061343 0.21440963 0.21212251 0.21201707 0.20771807
 0.21420957 0.21861179 0.22272904 0.22080591 0.22072448 0.21136996
 0.20759627 0.20993438 0.19913419 0.20665057 0.21153699 0.21622619
 0.21525882 0.21372463 0.20700495 0.20332545 0.2136839  0.2218609
 0.21836227 0.21404359 0.21431102 0.21158752 0.20767185 0.20697719
 0.20958507 0.2109986  0.21657987 0.21495603 0.21145219 0.2129906
 0.21518366 0.2110944  0.20752929 0.21345712 0.21650918 0.2193953
 0.21921772 0.2164071  0.2121158  0.20981915 0.21655853 0.22193377]

ETTh1_336_192_DLinear_ETTh1_ftM_sl336_ll48_pl192_dm512_nh8_el2_dl1_df2048_fc1_ebtimeF_dtTrue_Exp_0  
mse:0.8189653754234314, mae:0.7052026987075806, rse:0.85938960313797, corr:[0.22409435 0.23258117 0.22474279 0.21735907 0.21522903 0.21836767
 0.21804234 0.2121433  0.21552464 0.21173649 0.21019022 0.20966884
 0.2191486  0.21855712 0.21975125 0.21372165 0.21693338 0.22197032
 0.22496973 0.21352087 0.22073154 0.21079676 0.20598966 0.20912242
 0.21307951 0.21948    0.21316573 0.21795085 0.20923837 0.20518339
 0.21108928 0.20949936 0.2054649  0.20589206 0.20739502 0.2055649
 0.204466   0.20815551 0.20620751 0.20695224 0.2125574  0.21217942
 0.21496442 0.21179631 0.20744257 0.21024251 0.19764978 0.20293748
 0.20586497 0.206382   0.19909899 0.19618435 0.19555633 0.19431628
 0.1974083  0.19377431 0.20290159 0.20913664 0.208229   0.19732793
 0.19772352 0.20150998 0.18779005 0.19221084 0.19101247 0.19824477
 0.20157577 0.19642843 0.19519186 0.19181041 0.19179912 0.19520505
 0.19418424 0.19881888 0.196751   0.19337551 0.19176295 0.19243881
 0.19776565 0.19527362 0.19141881 0.19550146 0.19360442 0.19803102
 0.19906707 0.19165567 0.19465907 0.18783365 0.18548979 0.1905092
 0.19298273 0.1926062  0.19062448 0.18976903 0.18421109 0.18985553
 0.1972204  0.19457443 0.19166519 0.19450866 0.18544292 0.18756288
 0.18713896 0.18949376 0.19292814 0.19442281 0.1953576  0.19045089
 0.19235864 0.18993998 0.18609768 0.17790198 0.17916353 0.19076128
 0.18974991 0.18438831 0.18809614 0.19251002 0.17907716 0.1879903
 0.19032268 0.1979728  0.19273499 0.18651284 0.19107303 0.1890543
 0.18943095 0.19215257 0.1930397  0.19206057 0.19750637 0.19273649
 0.1884422  0.19283453 0.19157095 0.1928023  0.18738797 0.19309683
 0.19349077 0.18821533 0.1904645  0.18635507 0.18830587 0.1836461
 0.19124082 0.19732898 0.1941123  0.19026293 0.1896426  0.19114804
 0.18666837 0.18916371 0.19394079 0.19104904 0.1970965  0.1918825
 0.19480878 0.1945677  0.18586569 0.18891509 0.18736288 0.19705339
 0.19502689 0.18841349 0.18926126 0.18001348 0.18276899 0.19028838
 0.19677898 0.19774185 0.1938515  0.1942989  0.18920578 0.18530355
 0.18455118 0.18888822 0.19281255 0.19532013 0.1991982  0.19563182
 0.1966213  0.19529037 0.19175231 0.18919604 0.19327755 0.19742648
 0.19756743 0.19778368 0.19503133 0.18831082 0.18673338 0.19571546]

