ETTh1_336_96_DLinear_ETTh1_ftM_sl336_ll48_pl96_dm512_nh8_el2_dl1_df2048_fc1_ebtimeF_dtTrue_Exp_0  
mse:0.37068313360214233, mae:0.39168450236320496, rse:0.5783080458641052, corr:[0.27394113 0.27459902 0.2766046  0.27779993 0.27672207 0.27495784
 0.27289036 0.2731489  0.2725853  0.2726144  0.27295235 0.272644
 0.27247578 0.27228093 0.27199745 0.27208456 0.27246794 0.27213442
 0.2713098  0.2708902  0.27063492 0.27014932 0.2700237  0.2707602
 0.27073607 0.2700856  0.27016422 0.27013335 0.26986864 0.26980582
 0.2692046  0.2690328  0.26873067 0.26857802 0.26878682 0.26892883
 0.2685568  0.26865813 0.2685849  0.26867476 0.26861414 0.26901102
 0.26917133 0.26881367 0.26900026 0.26848736 0.26875347 0.2688829
 0.268613   0.26814264 0.26730654 0.2662517  0.26551157 0.2645299
 0.2638337  0.26368517 0.26353946 0.26244372 0.26345307 0.2634252
 0.26339695 0.26314646 0.2632564  0.26332623 0.26313928 0.26330537
 0.26353815 0.26337078 0.26317227 0.26324978 0.26332548 0.2631823
 0.2627391  0.261899   0.26068625 0.26004633 0.25998962 0.2594295
 0.25838283 0.25878876 0.258603   0.25746328 0.25776264 0.25809166
 0.2578519  0.25788534 0.25744015 0.2577704  0.25749284 0.25750324
 0.25747514 0.25671378 0.2565882  0.25679848 0.25709626 0.25732875]

ETTh1_336_192_DLinear_ETTh1_ftM_sl336_ll48_pl192_dm512_nh8_el2_dl1_df2048_fc1_ebtimeF_dtTrue_Exp_0  
mse:0.4084697663784027, mae:0.4182199239730835, rse:0.6069281697273254, corr:[0.2660522  0.26768038 0.2688235  0.27023298 0.26864898 0.26656887
 0.264612   0.2643271  0.2642542  0.26320818 0.2623351  0.26239783
 0.2625861  0.26329154 0.2632759  0.2627597  0.26323318 0.2627372
 0.26261    0.2632081  0.26261955 0.26181048 0.26139006 0.2620209
 0.2616353  0.26088193 0.26097393 0.26184434 0.2610761  0.2617313
 0.2615372  0.2615088  0.2604892  0.26006198 0.26054925 0.26009807
 0.26011217 0.26044148 0.26054516 0.26061016 0.25997064 0.26116318
 0.2616629  0.2611596  0.26209572 0.26207086 0.26147205 0.26126316
 0.2614851  0.26038918 0.2595973  0.2582831  0.25791067 0.25634933
 0.25659165 0.2564121  0.25591093 0.25542113 0.2552687  0.25559664
 0.25536835 0.25521484 0.2552553  0.25525773 0.25497147 0.2562685
 0.25631392 0.25603607 0.25571215 0.25590158 0.2556755  0.25590724
 0.25486237 0.25356093 0.2528223  0.25229326 0.25216338 0.25196597
 0.25145948 0.25112143 0.25130937 0.25083935 0.25118315 0.25068185
 0.2501855  0.2499638  0.2498689  0.2496606  0.25056547 0.25064644
 0.25048843 0.2502126  0.24927898 0.24955277 0.2500423  0.2501889
 0.25016126 0.25050992 0.25071523 0.25123867 0.25036526 0.25134388
 0.25094727 0.2512861  0.25147626 0.25097057 0.25041947 0.25063735
 0.25044647 0.24958043 0.24877645 0.24927686 0.2497311  0.25058776
 0.2500362  0.25024006 0.25101468 0.2505871  0.2505698  0.25047946
 0.25018206 0.24874319 0.24838465 0.24814984 0.24680094 0.24641591
 0.24629344 0.24677143 0.24706928 0.24633867 0.24617381 0.24579608
 0.24566633 0.24483484 0.24501066 0.24513347 0.24511094 0.24519774
 0.24531263 0.24493976 0.24574833 0.24549529 0.24562877 0.24597688
 0.24564329 0.24484485 0.24343424 0.24219175 0.24104752 0.24095498
 0.24149899 0.2412686  0.24110019 0.24091846 0.2405559  0.24034776
 0.24069977 0.24116902 0.24088171 0.24059314 0.2405669  0.24012539
 0.24047488 0.24081823 0.24098209 0.24089207 0.24158825 0.24120553
 0.24167395 0.24124072 0.24061579 0.24149626 0.24157678 0.24131688
 0.2411171  0.24162401 0.24152215 0.24032252 0.24142534 0.24156459
 0.2410757  0.24058026 0.24115801 0.24079284 0.24162221 0.2414351
 0.24259867 0.24320619 0.24252744 0.24296185 0.24334705 0.24202846]

ETTh1_336_336_DLinear_ETTh1_ftM_sl336_ll48_pl336_dm512_nh8_el2_dl1_df2048_fc1_ebtimeF_dtTrue_Exp_0  
mse:0.5053756237030029, mae:0.49565011262893677, rse:0.6767981648445129, corr:[0.25702593 0.25938833 0.2554138  0.25571948 0.2534686  0.25182092
 0.24920166 0.25139967 0.25092617 0.2462422  0.25064257 0.24281307
 0.25009477 0.24766156 0.25167683 0.25021031 0.24720228 0.24092433
 0.24370182 0.2414335  0.24528041 0.24697065 0.24546497 0.23640864
 0.23986392 0.23661962 0.23404558 0.2398994  0.23829557 0.23739061
 0.24431299 0.24373336 0.24034685 0.24134344 0.24039306 0.23812604
 0.24333848 0.24436182 0.24481708 0.24371354 0.24466237 0.24578702
 0.24952024 0.24804609 0.25231832 0.24309686 0.24487475 0.2350216
 0.23718551 0.24238342 0.2448877  0.24620222 0.24326769 0.23692846
 0.24112676 0.2343432  0.22706395 0.22856326 0.23203352 0.23866886
 0.24047647 0.23909685 0.24056102 0.23971872 0.24093172 0.24121769
 0.23569715 0.23861247 0.24179651 0.24040666 0.24166547 0.2438203
 0.24148321 0.24039245 0.24002436 0.24170883 0.24404004 0.24130528
 0.24045034 0.22702152 0.22710985 0.22765426 0.23001952 0.22945112
 0.23377773 0.23303898 0.23716296 0.23263963 0.23374578 0.23374833
 0.23435311 0.23705734 0.23200257 0.23520131 0.23269099 0.22973374
 0.23323892 0.23487347 0.23553373 0.23684299 0.23892125 0.23921137
 0.23840857 0.23567659 0.22477497 0.2236152  0.22386709 0.23618433
 0.23682393 0.2388156  0.23533563 0.23335917 0.23634948 0.23145673
 0.2346738  0.23595166 0.23751283 0.23159426 0.23249675 0.24038638
 0.24242412 0.24255542 0.2361464  0.23104718 0.234802   0.23101065
 0.23231937 0.22606152 0.22157454 0.20997797 0.21318758 0.18985811
 0.21284677 0.22040008 0.22101866 0.22469495 0.22132507 0.22834897
 0.22351682 0.22522831 0.22869289 0.22322223 0.22786908 0.22904855
 0.22346826 0.22709319 0.22685565 0.23014751 0.23125637 0.22950956
 0.23160397 0.23228231 0.2250186  0.22254774 0.22237371 0.22589324
 0.22206935 0.22337072 0.2210831  0.22585215 0.22504918 0.22978371
 0.23068736 0.23135318 0.23206332 0.22893183 0.22855912 0.23197126
 0.22780134 0.22805876 0.23115163 0.22962771 0.2313091  0.2290743
 0.22980072 0.22897953 0.2222138  0.22839785 0.22820944 0.2250856
 0.22518986 0.23186903 0.23464403 0.23131177 0.22947784 0.22828688
 0.22920902 0.22836092 0.23066086 0.23056293 0.23022084 0.23117675
 0.22923055 0.2275339  0.21624517 0.21726672 0.22232929 0.22629964
 0.22648315 0.22538243 0.22686417 0.22243364 0.21928415 0.20740175
 0.20654753 0.2141185  0.21534687 0.20841771 0.21818203 0.2163944
 0.22283277 0.2269882  0.2123788  0.21113385 0.21272765 0.20761755
 0.20520085 0.20051236 0.20620361 0.21460615 0.22049472 0.22204559
 0.21839857 0.22514476 0.2232937  0.2229317  0.2255501  0.21900217
 0.22265881 0.21265933 0.22177015 0.21388327 0.21437274 0.21140428
 0.21360564 0.2167302  0.21971028 0.21864255 0.21984777 0.21984349
 0.22123837 0.21965383 0.21645564 0.21977507 0.21886861 0.22323442
 0.21965292 0.21626374 0.21851367 0.21479869 0.2158436  0.21338408
 0.21301982 0.20867051 0.20815794 0.21640645 0.21808454 0.2129678
 0.21468022 0.21187319 0.2155411  0.21617709 0.21784909 0.22080109
 0.22346237 0.22500277 0.21871246 0.20957333 0.21581401 0.21081115
 0.22042193 0.2170306  0.21640147 0.21640752 0.21445224 0.21265456
 0.21684866 0.21938388 0.2101094  0.21706043 0.21000992 0.21415204
 0.21030988 0.21282612 0.2077752  0.19816415 0.20403163 0.21115647
 0.21546663 0.20411535 0.21363881 0.21580957 0.22431102 0.2253658
 0.22016916 0.21819544 0.2181364  0.21914455 0.2188481  0.21546131
 0.21243565 0.21258304 0.19537355 0.20565504 0.20974824 0.20324336
 0.21172439 0.22190584 0.22430521 0.22436506 0.21619777 0.21743497
 0.2150229  0.21591745 0.211463   0.21672887 0.22106104 0.21934362
 0.20949589 0.21295673 0.20759456 0.20433347 0.19997591 0.19729573
 0.19730712 0.18175182 0.19694768 0.18101253 0.18674158 0.19872761
 0.2062224  0.21857938 0.2138799  0.20565817 0.2217865  0.2150187 ]

ETTh1_336_720_DLinear_ETTh1_ftM_sl336_ll48_pl720_dm512_nh8_el2_dl1_df2048_fc1_ebtimeF_dtTrue_Exp_0  
mse:0.4813803732395172, mae:0.49485766887664795, rse:0.6641958951950073, corr:[0.23162    0.232433   0.23326924 0.23388769 0.2335438  0.23186877
 0.23035435 0.2309179  0.2321257  0.23120691 0.23141026 0.23176615
 0.2307059  0.23132776 0.23086543 0.2308031  0.23030889 0.2302849
 0.22969922 0.22868691 0.22972612 0.22966827 0.22965837 0.23054643
 0.22975332 0.230542   0.23153132 0.23180236 0.2305286  0.23125355
 0.23041774 0.22909898 0.22841184 0.22865759 0.2284672  0.2290324
 0.22854814 0.22970851 0.22857805 0.22843067 0.22813506 0.22838753
 0.22874461 0.22856599 0.22825424 0.22927485 0.22978655 0.22916947
 0.22880979 0.22992574 0.22868586 0.22780503 0.22901167 0.22649427
 0.22675584 0.22628786 0.22675137 0.22533779 0.22526076 0.22482064
 0.22526868 0.22603212 0.22505374 0.22431703 0.22376877 0.22393773
 0.22598463 0.22479291 0.22546938 0.22473362 0.22602163 0.22508891
 0.22456592 0.22421962 0.22357212 0.2218904  0.22203664 0.2216026
 0.22129352 0.22077945 0.22082986 0.22125253 0.22077724 0.22043428
 0.22025646 0.22057398 0.21976683 0.21910547 0.21897127 0.21954606
 0.21905492 0.21926287 0.21891296 0.2183618  0.21820173 0.22075278
 0.21979615 0.22088012 0.22233324 0.2232272  0.22427765 0.22455858
 0.22375165 0.22458242 0.22541688 0.22522125 0.22290781 0.22296567
 0.22360171 0.22287032 0.22349225 0.22276552 0.22183606 0.22231136
 0.22158115 0.22278288 0.22295779 0.22275072 0.22278483 0.22412372
 0.22307462 0.22214672 0.22246228 0.2221765  0.22111812 0.2213513
 0.2205072  0.22150333 0.22145279 0.22059026 0.21977599 0.2183217
 0.2182958  0.2190689  0.218762   0.2180267  0.21793559 0.21956263
 0.21865238 0.21803649 0.21891806 0.21968323 0.21901925 0.21905047
 0.21922807 0.21855241 0.2194676  0.2179869  0.2182646  0.21553442
 0.21614562 0.21629392 0.21578929 0.21611817 0.21635534 0.21486878
 0.21568811 0.21542673 0.21481723 0.21449304 0.21550149 0.21556538
 0.21554947 0.21558139 0.21380919 0.2151334  0.21482849 0.21606524
 0.21706149 0.21651788 0.21799046 0.21731466 0.21601623 0.21876726
 0.21764739 0.216793   0.21825594 0.2186083  0.2166298  0.21751876
 0.21653928 0.21776448 0.21730152 0.21757038 0.21766451 0.21628444
 0.21739545 0.21842816 0.21701342 0.21788839 0.2192839  0.21690187
 0.2198393  0.21799581 0.21801391 0.21727037 0.21698129 0.21744694
 0.21665615 0.21730112 0.21665515 0.21715826 0.21520971 0.21447553
 0.21601827 0.2148042  0.21586354 0.2148813  0.21416701 0.21343629
 0.21542872 0.21450917 0.21296856 0.21338344 0.21392995 0.2143991
 0.21430476 0.21373062 0.21374352 0.2135256  0.21348357 0.21254516
 0.21151964 0.21240446 0.21290638 0.21322681 0.21128434 0.21043947
 0.21125057 0.20862356 0.21092433 0.21066797 0.21024597 0.2099829
 0.20835756 0.2094103  0.21032302 0.20850904 0.21106027 0.2101889
 0.21072818 0.20860879 0.20897736 0.21041238 0.2101042  0.21006727
 0.20915864 0.20986319 0.21055944 0.20991418 0.20873882 0.20889807
 0.20973484 0.20798965 0.20841257 0.20941636 0.2088275  0.20864156
 0.20846356 0.20980646 0.21023165 0.20808734 0.2110676  0.20905584
 0.20882934 0.20861578 0.20854099 0.20871438 0.208579   0.20916654
 0.20700252 0.20770693 0.20773162 0.20887524 0.20879857 0.20863922
 0.20846897 0.20756343 0.20813924 0.20714432 0.20797467 0.20808315
 0.20846666 0.20792574 0.20720369 0.2066856  0.20840809 0.20708582
 0.20910482 0.20958239 0.21006307 0.20999569 0.20958646 0.21107319
 0.21045427 0.20965871 0.2115965  0.2121559  0.21199815 0.21127528
 0.20968199 0.21034688 0.20974666 0.21056566 0.2103303  0.21011531
 0.2103699  0.21133542 0.21104978 0.21005975 0.20996806 0.21045816
 0.21020222 0.21105845 0.21165432 0.21123606 0.2113093  0.21174592
 0.21113935 0.20988145 0.21048841 0.21033944 0.2098004  0.20986891
 0.20861648 0.20832956 0.21013302 0.20904022 0.21014377 0.2094397
 0.21056086 0.20957965 0.21156986 0.2119425  0.21170925 0.21178126
 0.21142687 0.20939168 0.21065137 0.21123846 0.21120489 0.21055324
 0.20988207 0.21049957 0.2096269  0.2108909  0.21019387 0.21052669
 0.21167114 0.20944734 0.21037641 0.20846859 0.21102299 0.21051647
 0.211542   0.20967266 0.20991251 0.20901105 0.21036556 0.2081788
 0.20855509 0.20964032 0.20961687 0.2089132  0.20847778 0.20694505
 0.2075507  0.20708938 0.20668624 0.20721689 0.20611161 0.20630975
 0.20652255 0.20561078 0.20592062 0.20506014 0.20445895 0.20714219
 0.20533945 0.20500952 0.2062209  0.20590852 0.2045721  0.20521887
 0.20745727 0.20864658 0.20911881 0.20889582 0.2095854  0.20875412
 0.20691127 0.20836818 0.20835209 0.20792972 0.20729712 0.20821533
 0.20734164 0.2078609  0.20672512 0.20701024 0.20764862 0.20712216
 0.20829786 0.20854706 0.20776354 0.20981863 0.20796019 0.20877197
 0.2084241  0.20920734 0.2084425  0.20915638 0.21002668 0.21014324
 0.20881177 0.20958705 0.2095991  0.2099378  0.20940396 0.20983754
 0.2083295  0.20827243 0.20773458 0.20878519 0.20722194 0.20884459
 0.20827144 0.20851268 0.20885605 0.20835236 0.20808105 0.2086615
 0.20770502 0.20847686 0.20982847 0.21000113 0.21063365 0.20920122
 0.20937239 0.21035832 0.21019448 0.20982453 0.21074033 0.2100166
 0.20976272 0.20929565 0.20920083 0.20971607 0.21029447 0.20962222
 0.20844682 0.20906407 0.20943923 0.20984098 0.20846441 0.20997165
 0.20974514 0.20950763 0.2115662  0.21056417 0.2115249  0.21180105
 0.21098368 0.2090967  0.20982301 0.20896007 0.21185815 0.21097684
 0.2102362  0.20986708 0.2120735  0.21126795 0.21155487 0.21117307
 0.21037997 0.21209604 0.2118099  0.21112725 0.20951693 0.21067198
 0.21032101 0.21050978 0.20957097 0.20998609 0.21103281 0.21096618
 0.21046917 0.20970668 0.2091963  0.20999081 0.20924631 0.21029693
 0.2088869  0.20925505 0.20915999 0.20900102 0.20896968 0.20952646
 0.20870034 0.20824538 0.20917572 0.20781653 0.20946027 0.20964773
 0.20879292 0.21216348 0.2111469  0.21210596 0.21287185 0.21121629
 0.21080083 0.21068859 0.21106763 0.21192834 0.21085781 0.21110311
 0.21058792 0.21040317 0.21028799 0.21173602 0.20989439 0.21223718
 0.2109023  0.21120864 0.21186605 0.21081501 0.21241863 0.21259564
 0.21357723 0.2118931  0.2129249  0.21244465 0.21212742 0.21234119
 0.21018787 0.21167138 0.21165419 0.21214639 0.21113592 0.21143158
 0.21223941 0.21094182 0.2107867  0.21208616 0.21221328 0.2110885
 0.21102116 0.21042988 0.21168688 0.21103622 0.21240275 0.2116704
 0.21077037 0.20992595 0.21144289 0.20819719 0.20948029 0.20794025
 0.2078135  0.2073844  0.20751187 0.20765682 0.20750046 0.207441
 0.20563373 0.20459884 0.20581712 0.2070925  0.20562948 0.20555437
 0.20604314 0.2054077  0.20725328 0.20688875 0.20624389 0.20671023
 0.20681    0.2071634  0.20726976 0.2076269  0.20565613 0.20559828
 0.20479654 0.2051293  0.20719616 0.20395163 0.20414652 0.2042111
 0.20405716 0.20377408 0.20492303 0.20145994 0.20233428 0.20341745
 0.20275457 0.20329478 0.20346297 0.20443879 0.20462513 0.20495464
 0.2034576  0.20311512 0.20141546 0.20385149 0.20156068 0.20028076
 0.2016007  0.20027049 0.20165655 0.20031528 0.1993018  0.19855839
 0.19721858 0.19886729 0.19908334 0.19899021 0.19791439 0.1989473
 0.19963865 0.19880527 0.1976102  0.19772962 0.19880258 0.20061499
 0.20158651 0.19829334 0.19815935 0.19965719 0.1964118  0.19850063
 0.19738185 0.19672023 0.19754629 0.19640045 0.195432   0.19646294
 0.19544168 0.19467391 0.19737379 0.19395474 0.19589809 0.19717352
 0.19574493 0.19574243 0.1954703  0.19708283 0.19557959 0.19738437
 0.19643615 0.1954386  0.19559209 0.1966019  0.19630803 0.19591573
 0.1943553  0.19527048 0.19596966 0.19370252 0.19305307 0.19512203
 0.19353893 0.19365337 0.19367553 0.19390517 0.19258721 0.1935249
 0.19188079 0.19334947 0.192395   0.1921991  0.19455242 0.19286104
 0.19319889 0.19245513 0.19239946 0.19128889 0.19044188 0.19037548
 0.18662715 0.18949907 0.18791366 0.1870988  0.18595736 0.18714772
 0.186106   0.18791734 0.18766573 0.18398128 0.18730512 0.18612802
 0.18650985 0.18835886 0.1846748  0.18784912 0.18769927 0.18707332
 0.18923406 0.18716943 0.18620181 0.19085522 0.1856965  0.18761256
 0.18746114 0.18639715 0.18755041 0.18763353 0.18745974 0.18555096
 0.18441309 0.18598416 0.18651539 0.18311082 0.18412691 0.18407755
 0.18560198 0.18587513 0.18476637 0.18416722 0.18511721 0.18573621]

