ETTh1_336_96_SLinear_ETTh1_ftM_sl336_ll48_pl96_dm512_nh8_el2_dl1_df2048_fc1_ebtimeF_dtTrue_Exp_0  
mse:0.3745485544204712, mae:0.39685362577438354, rse:0.5813155174255371, corr:[0.27327716 0.27433574 0.27629027 0.277809   0.27431795 0.2723293
 0.27022824 0.27135035 0.27118558 0.26938078 0.2718668  0.2714443
 0.27075648 0.27094167 0.27163175 0.27119657 0.2714598  0.27102014
 0.2708223  0.27030155 0.270433   0.2689516  0.26827684 0.27128527
 0.26929697 0.2692427  0.26928028 0.26764548 0.26749685 0.2673471
 0.26810685 0.26843265 0.26619184 0.26820987 0.26794943 0.26862484
 0.26739582 0.26796904 0.267133   0.2680701  0.26913267 0.26920253
 0.26663426 0.26790664 0.26751038 0.26798046 0.26927716 0.26803055
 0.268873   0.26839954 0.26593953 0.26543212 0.26464432 0.26429337
 0.26177087 0.26376528 0.26377827 0.26383835 0.26366258 0.26292294
 0.26292765 0.26220763 0.26101562 0.25979173 0.26151928 0.25999087
 0.26247698 0.26211002 0.26297078 0.26226777 0.2631091  0.26233977
 0.26169667 0.25973788 0.25935176 0.25930783 0.2585777  0.25748158
 0.25720564 0.25663915 0.25725108 0.25736275 0.25595203 0.25647306
 0.25568935 0.25622508 0.256834   0.25459546 0.256317   0.2559529
 0.25652835 0.25545222 0.255921   0.25526485 0.25535902 0.25540692]

ETTh1_336_192_SLinear_ETTh1_ftM_sl336_ll48_pl192_dm512_nh8_el2_dl1_df2048_fc1_ebtimeF_dtTrue_Exp_0  
mse:0.4261433482170105, mae:0.43537798523902893, rse:0.6199193596839905, corr:[0.26458117 0.26531285 0.26602122 0.26854035 0.2675574  0.267819
 0.26621038 0.26507205 0.26582605 0.2663238  0.26274595 0.26224515
 0.25974894 0.26109418 0.2599194  0.26216906 0.26396012 0.26421466
 0.2635767  0.26265034 0.25970554 0.26107308 0.25960186 0.2618225
 0.2607924  0.26062882 0.2592701  0.2604957  0.26179036 0.2610451
 0.26071215 0.26049185 0.25817385 0.25637522 0.2563386  0.25621036
 0.2556038  0.2563328  0.25787535 0.26026094 0.25959894 0.2605203
 0.2615367  0.26174623 0.26002657 0.258298   0.2584736  0.25825104
 0.2593108  0.25898054 0.25805837 0.25887108 0.25874558 0.25753278
 0.25574985 0.2554494  0.25369045 0.25247055 0.25453    0.2545244
 0.254494   0.25513908 0.2537437  0.25440782 0.2537266  0.254986
 0.25503176 0.25428662 0.25247553 0.2518931  0.25396997 0.25537172
 0.25464174 0.250988   0.24843068 0.24831013 0.24739133 0.24870132
 0.24817993 0.24825743 0.24956249 0.24929637 0.24871644 0.25031573
 0.24964611 0.2507954  0.25049332 0.25021923 0.2502347  0.25124738
 0.2517061  0.25195462 0.25132    0.25110415 0.24832278 0.25018728
 0.2505113  0.2500358  0.2513766  0.25188965 0.25025904 0.24961087
 0.2501447  0.25175583 0.25065276 0.25042725 0.25137424 0.25105208
 0.24880743 0.2499123  0.24755949 0.24813764 0.24719545 0.24875684
 0.2503951  0.25059938 0.2508156  0.25015193 0.24893908 0.25016657
 0.25124648 0.2503498  0.24853352 0.24722606 0.24633424 0.2449942
 0.2451296  0.24441408 0.24245298 0.24368082 0.2427209  0.24386156
 0.24374467 0.24540114 0.24463464 0.24288806 0.24477847 0.24481839
 0.2435168  0.24383868 0.24363393 0.24326381 0.24355742 0.2455926
 0.24530207 0.24468233 0.24278595 0.23879273 0.23711483 0.2380335
 0.23914659 0.24047764 0.24241328 0.24141885 0.24277952 0.24151792
 0.23902096 0.24037732 0.23988026 0.23921889 0.2400984  0.24074966
 0.24154691 0.24038629 0.24016342 0.24031009 0.23875754 0.24028029
 0.24192926 0.24063237 0.23961382 0.23848528 0.23950092 0.24035308
 0.23998064 0.24180932 0.24181888 0.24087404 0.24193773 0.24159652
 0.23910506 0.23763599 0.23827428 0.23947352 0.24244642 0.24253893
 0.24258107 0.241835   0.24070512 0.24246164 0.24346383 0.24324152]

ETTh1_336_336_SLinear_ETTh1_ftM_sl336_ll48_pl336_dm512_nh8_el2_dl1_df2048_fc1_ebtimeF_dtTrue_Exp_0  
mse:0.45204633474349976, mae:0.45284634828567505, rse:0.6400936245918274, corr:[0.25382626 0.25301343 0.25867707 0.25811732 0.25655162 0.25479823
 0.25482127 0.25535446 0.2539063  0.2544988  0.25492036 0.2543305
 0.25277895 0.25359377 0.2528531  0.251879   0.2515747  0.25056034
 0.24987085 0.24934566 0.24841146 0.25234276 0.25228685 0.25321016
 0.2512335  0.2509683  0.24962118 0.24871755 0.25026655 0.24824905
 0.24897958 0.2470447  0.24521352 0.2456341  0.24442755 0.24574926
 0.24362966 0.24580812 0.24505891 0.24554622 0.24586637 0.24629961
 0.2478653  0.24689263 0.24756865 0.24849518 0.24948134 0.24979104
 0.2484791  0.24915554 0.2492762  0.24844411 0.24612935 0.24648166
 0.24204159 0.24246117 0.24010858 0.24168329 0.24321513 0.24359925
 0.24547872 0.2455698  0.2452393  0.24489044 0.24454923 0.24530244
 0.24379267 0.24553476 0.24491045 0.24531557 0.24607626 0.24336123
 0.24308607 0.23932903 0.23894848 0.23819667 0.23979338 0.23978359
 0.23891458 0.23768188 0.23810403 0.23867798 0.23793644 0.23682064
 0.23799416 0.23799898 0.23885348 0.23878656 0.23688136 0.23423491
 0.23492625 0.23380458 0.2356876  0.2374194  0.23837338 0.23870042
 0.23674192 0.2376514  0.23872845 0.23702765 0.2405244  0.241105
 0.24272995 0.24194781 0.24147165 0.24080339 0.24088079 0.24012206
 0.24026187 0.24040422 0.23929857 0.24028364 0.2397757  0.24115524
 0.24035108 0.23971356 0.23878407 0.23775731 0.23704714 0.23684947
 0.23766375 0.23566525 0.23908126 0.23761444 0.23673284 0.23548844
 0.23752297 0.23639913 0.23759866 0.23662774 0.23530774 0.23574106
 0.23517694 0.23429595 0.2338384  0.23347163 0.23496982 0.23531158
 0.23749422 0.23509169 0.23860791 0.23867154 0.23796068 0.23911373
 0.23872194 0.23508345 0.23421541 0.23264031 0.23289716 0.23355956
 0.23152165 0.22980909 0.23120496 0.22980925 0.2287598  0.23256917
 0.23514254 0.23492159 0.23652269 0.23451857 0.23513347 0.23539118
 0.23425154 0.23220083 0.23084733 0.23231201 0.23280595 0.231492
 0.2312415  0.23212427 0.2331778  0.23499826 0.23452824 0.23195033
 0.23109086 0.2321108  0.23227426 0.23139723 0.23264603 0.23363388
 0.23431379 0.23386678 0.23315506 0.23276827 0.23369233 0.23377453
 0.2330872  0.23135869 0.234115   0.23165807 0.23293605 0.232855
 0.23614436 0.2345972  0.23348634 0.23160765 0.22984579 0.23131612
 0.23079288 0.23087253 0.23030514 0.23125234 0.23217572 0.23387456
 0.2327324  0.23380494 0.232455   0.23184498 0.23181883 0.2300921
 0.22906585 0.22733228 0.2284564  0.2285454  0.22718063 0.22875898
 0.22659114 0.2266797  0.22657941 0.22695616 0.2262462  0.22635293
 0.22868456 0.22959277 0.22739986 0.22727005 0.22546114 0.2244472
 0.22659084 0.22776306 0.22729425 0.22611836 0.22457978 0.22408396
 0.2266926  0.22589883 0.22350246 0.22167328 0.22308725 0.22457097
 0.22353595 0.22207096 0.22115082 0.22396368 0.22390604 0.22640711
 0.227231   0.22932556 0.22945523 0.22956373 0.22510067 0.22569074
 0.22708383 0.2284143  0.22913662 0.2311381  0.23053709 0.22918412
 0.22908753 0.22734176 0.22899368 0.22684571 0.22764513 0.22667353
 0.22533827 0.22690904 0.22475824 0.22361523 0.22558893 0.22470129
 0.22857182 0.22731504 0.22690105 0.22608988 0.2278204  0.22919525
 0.22837488 0.22646451 0.22652476 0.22682084 0.22549388 0.2256862
 0.22561543 0.22475661 0.2242842  0.22434291 0.2249492  0.22359249
 0.2242616  0.22301091 0.22248718 0.22224033 0.2225957  0.22354722
 0.22387668 0.22563045 0.22702108 0.22941403 0.22368363 0.2260707
 0.22611311 0.2256557  0.22719817 0.22480723 0.22675633 0.22870135
 0.22772466 0.2267312  0.22754952 0.23119302 0.22949752 0.22710137
 0.22852527 0.22759867 0.22709903 0.22447    0.22530995 0.22732171
 0.22751363 0.22548902 0.22693475 0.22547702 0.22494677 0.22701176
 0.2271613  0.2277424  0.22432184 0.22272298 0.22198541 0.22371636
 0.22255291 0.22629517 0.2237871  0.22787333 0.2255996  0.2269002 ]

ETTh1_336_720_SLinear_ETTh1_ftM_sl336_ll48_pl720_dm512_nh8_el2_dl1_df2048_fc1_ebtimeF_dtTrue_Exp_0  
mse:0.5626425743103027, mae:0.550746738910675, rse:0.7180724740028381, corr:[0.22119913 0.22270598 0.2260187  0.22692934 0.22729556 0.2225038
 0.22498658 0.22374609 0.22235005 0.21733731 0.22130777 0.22075878
 0.2280206  0.2274737  0.22358932 0.230682   0.22422284 0.22037767
 0.22918919 0.22402316 0.22435883 0.2214481  0.21899354 0.21951379
 0.22333145 0.21494949 0.22053012 0.21721487 0.2220555  0.22089097
 0.22171539 0.2179873  0.21852018 0.21739627 0.21602169 0.20249197
 0.2142651  0.20692478 0.21856812 0.20994583 0.21977052 0.22253937
 0.21642287 0.21753475 0.21359174 0.22147809 0.21665709 0.21597993
 0.21540377 0.22132303 0.22328523 0.21194196 0.21862473 0.21315578
 0.21356188 0.20353863 0.19800144 0.20680125 0.20910542 0.21395864
 0.21289052 0.20920917 0.2075165  0.21038696 0.2172494  0.21540298
 0.213317   0.21057555 0.21616758 0.2035692  0.20884013 0.21696289
 0.19598672 0.21474674 0.21535394 0.21808897 0.21590786 0.20911592
 0.21314348 0.20863478 0.21226774 0.20194626 0.20103513 0.20708774
 0.207276   0.20294832 0.1994466  0.19642593 0.19331904 0.20016252
 0.19426294 0.2091218  0.20136371 0.20470048 0.2144194  0.19599684
 0.20719483 0.21442628 0.21895915 0.21862367 0.220692   0.21753155
 0.21670654 0.20783813 0.21357137 0.21410692 0.21417163 0.2028426
 0.21426387 0.20561567 0.21172151 0.20354083 0.20808916 0.2136743
 0.20842989 0.21838231 0.21234863 0.21059844 0.2074361  0.2101923
 0.20603617 0.21031713 0.21422748 0.21285564 0.21336831 0.2157889
 0.20999372 0.20970692 0.213132   0.2188861  0.20852788 0.20533878
 0.20310336 0.202847   0.20452696 0.20419267 0.19794466 0.21099989
 0.19940768 0.21076319 0.21002017 0.21020526 0.2142214  0.21156767
 0.20622677 0.2077482  0.20684971 0.20913196 0.20927383 0.20407973
 0.20468679 0.20140818 0.20337293 0.20001224 0.20347795 0.20299648
 0.20517322 0.20293164 0.20594995 0.2068139  0.2080604  0.21164045
 0.20575933 0.19791102 0.20855162 0.20298722 0.20822644 0.19154641
 0.20132959 0.20144464 0.2079756  0.20567305 0.20149595 0.20634279
 0.21005794 0.20782283 0.21434759 0.19999208 0.1999136  0.19647042
 0.18818142 0.18205227 0.19247329 0.19592486 0.19918881 0.18882678
 0.18791702 0.1974292  0.18833756 0.2060103  0.19972269 0.20149507
 0.19609496 0.20511144 0.2028363  0.20152372 0.19545351 0.20330164
 0.20061858 0.19748524 0.20541866 0.19248828 0.20340517 0.20027532
 0.1938435  0.20171344 0.2022014  0.1974457  0.19449884 0.19864841
 0.19143754 0.17754619 0.18570039 0.17694    0.17705028 0.19234312
 0.17422964 0.17776754 0.18866287 0.19995764 0.21012425 0.203022
 0.20638643 0.20871104 0.20300622 0.19747068 0.1980346  0.2017982
 0.19769818 0.17789924 0.19563276 0.1636276  0.18047616 0.18313463
 0.17340289 0.19016    0.18121944 0.18838198 0.18786465 0.20005228
 0.19177215 0.19464162 0.19206819 0.20554169 0.19509488 0.20117845
 0.1888864  0.18168798 0.18683559 0.19113931 0.17207044 0.18341382
 0.18724884 0.16544709 0.19103146 0.17246464 0.1557418  0.17279972
 0.17872751 0.17534791 0.1901154  0.18256995 0.17618953 0.19300342
 0.20045145 0.1958423  0.19346103 0.19989595 0.20638235 0.2018263
 0.19338971 0.19938162 0.20403482 0.19007142 0.18495794 0.18607788
 0.16155238 0.15711671 0.16915648 0.18001053 0.16868177 0.1708263
 0.17414781 0.18646261 0.19872424 0.2018652  0.19290286 0.20056036
 0.20276684 0.19746277 0.20206162 0.20076208 0.20461732 0.20555441
 0.19200881 0.19977212 0.19995444 0.20437506 0.20287037 0.20192845
 0.19525407 0.20181115 0.20007855 0.20645599 0.20456259 0.20189717
 0.20228638 0.19477811 0.20636599 0.20185228 0.1915874  0.19289611
 0.1913603  0.18781711 0.19750677 0.20021911 0.18887208 0.19194058
 0.20172633 0.19556366 0.19647945 0.20831586 0.19249447 0.1977541
 0.19996399 0.19478069 0.19893627 0.21016832 0.19899096 0.19729829
 0.19405228 0.204611   0.1936848  0.20060362 0.20269711 0.19884722
 0.19244388 0.19296244 0.19543783 0.19973497 0.1903725  0.19072826
 0.1898409  0.20172837 0.18763326 0.19387121 0.18184862 0.18717045
 0.18896772 0.19394939 0.19960794 0.19476674 0.18608758 0.1968371
 0.19451946 0.1889175  0.20133266 0.19875272 0.19914518 0.20901184
 0.19497578 0.1948765  0.19752981 0.18678182 0.1972973  0.1970914
 0.19897462 0.19907628 0.20023519 0.20604421 0.20614325 0.19869092
 0.18404907 0.19352078 0.19070485 0.18747494 0.18034212 0.19775441
 0.18447721 0.17732464 0.1855319  0.18918596 0.18861492 0.20500593
 0.18906996 0.19734406 0.17854124 0.19009031 0.20078067 0.1853511
 0.18952589 0.19495745 0.200986   0.19104742 0.20028608 0.19477008
 0.19313242 0.19298767 0.20094375 0.20551239 0.20501903 0.20245545
 0.202365   0.20751369 0.2058429  0.2063294  0.20038171 0.20291127
 0.20385021 0.18869443 0.20215043 0.19538623 0.19673663 0.19607723
 0.19781934 0.19602817 0.17789513 0.17785348 0.18299642 0.17541629
 0.19206616 0.18863796 0.1975089  0.19615106 0.1949487  0.1983207
 0.18971424 0.19990177 0.20688754 0.19909404 0.20016338 0.20536275
 0.20833209 0.2003874  0.20220597 0.2037037  0.19793789 0.17572965
 0.19108154 0.19360574 0.1797595  0.19331054 0.18560103 0.18947373
 0.19446349 0.193114   0.18776779 0.19489267 0.19378963 0.19938287
 0.1996959  0.20113277 0.20045993 0.19820468 0.20389706 0.2002129
 0.19523105 0.20547618 0.19628702 0.19746645 0.20181918 0.19557613
 0.19717973 0.20464008 0.21222635 0.1981069  0.19701327 0.1922502
 0.19669351 0.19728372 0.19971128 0.1939969  0.2045731  0.20537694
 0.20669219 0.2074632  0.20350878 0.19636552 0.20041245 0.20327617
 0.18731268 0.19652496 0.1920203  0.19140193 0.19552852 0.18854511
 0.18484195 0.19077146 0.19166009 0.19315054 0.19519284 0.19400814
 0.19781484 0.19464333 0.20323727 0.19593397 0.19805017 0.18971068
 0.18930571 0.18364358 0.17044286 0.18232353 0.17169245 0.187878
 0.16888285 0.16799219 0.18825914 0.2021866  0.1981665  0.19996922
 0.18873537 0.19688375 0.1998022  0.17669256 0.19213718 0.19699758
 0.19103225 0.18920244 0.19107975 0.18672577 0.18927053 0.19785045
 0.18771678 0.19578901 0.19762632 0.19913527 0.199666   0.20419812
 0.19797209 0.18969965 0.1923032  0.19348468 0.19564955 0.19851047
 0.20021102 0.19427866 0.19821244 0.19265233 0.1938009  0.18379755
 0.1992775  0.19377078 0.19467793 0.19625612 0.18017623 0.19052045
 0.18518098 0.19676556 0.19134249 0.19518849 0.19718705 0.19429035
 0.1976794  0.17978601 0.17973362 0.18412937 0.19153078 0.1880939
 0.1784799  0.18228641 0.19133727 0.17513844 0.16249494 0.15607615
 0.17396715 0.1799782  0.17122439 0.18107879 0.18698953 0.18921955
 0.18727356 0.19398098 0.18639436 0.19186544 0.18410207 0.18057108
 0.16990061 0.18822046 0.17758264 0.17645347 0.1806286  0.17400996
 0.17985773 0.17652044 0.18781008 0.19145525 0.169715   0.17766048
 0.17307732 0.17855117 0.17230055 0.18348832 0.18590589 0.18031467
 0.1821529  0.18755814 0.19111758 0.1859883  0.19642138 0.16873036
 0.19128942 0.17880024 0.18099934 0.18154521 0.17868404 0.17906195
 0.182407   0.16611142 0.17993583 0.17056297 0.16663857 0.16724034
 0.18168928 0.16813034 0.16615084 0.1606739  0.17436725 0.16435032
 0.17229763 0.18423328 0.18426073 0.17799063 0.15853937 0.18101348
 0.17663261 0.16558841 0.16938779 0.16979241 0.17964227 0.1784775
 0.16743559 0.16165212 0.17588694 0.16355559 0.15853056 0.15797354
 0.15013956 0.16543867 0.15915373 0.15612423 0.15799242 0.1560787
 0.17185643 0.17360884 0.18267311 0.18052088 0.18239976 0.18132292
 0.18682086 0.17661053 0.16478077 0.17140433 0.17178804 0.17752552
 0.17229554 0.17318039 0.17244495 0.14942941 0.14702109 0.1602677
 0.17073661 0.16700049 0.17219992 0.16945548 0.17386316 0.17635386
 0.1725581  0.16911265 0.17185573 0.17123167 0.17409658 0.17484443
 0.17770825 0.1614765  0.16491157 0.1587571  0.17204155 0.16047385
 0.15247464 0.13903764 0.14390129 0.15046631 0.16784847 0.16561836
 0.17225228 0.15616736 0.1647347  0.16918352 0.16301844 0.15505418
 0.16680898 0.17700346 0.1779046  0.16986108 0.17146274 0.1757387
 0.1603512  0.16534267 0.17863119 0.17473947 0.15509109 0.158031
 0.14726475 0.15859202 0.14873514 0.15440963 0.15723154 0.14744449
 0.15487927 0.15968974 0.1585038  0.15618715 0.1710175  0.17702655
 0.16581525 0.17870265 0.16282721 0.16930528 0.1691706  0.16740672]

ETTh2_336_96_SLinear_ETTh2_ftM_sl336_ll48_pl96_dm512_nh8_el2_dl1_df2048_fc1_ebtimeF_dtTrue_Exp_0  
mse:0.2848319113254547, mae:0.34577104449272156, rse:0.43010610342025757, corr:[0.27930626 0.27760193 0.274914   0.2743896  0.27288157 0.27009842
 0.26959008 0.26941153 0.26816672 0.26642042 0.26571956 0.26447296
 0.262448   0.26092386 0.25978196 0.2595364  0.25991938 0.2605371
 0.2599302  0.25844812 0.2573463  0.25673115 0.25587937 0.2546787
 0.25123692 0.249315   0.24737768 0.24616353 0.24453293 0.24240488
 0.24154201 0.23878917 0.23902205 0.23716979 0.2359987  0.236444
 0.23452027 0.23328301 0.23230202 0.23188561 0.2319029  0.23136257
 0.23233579 0.23001811 0.22936885 0.22663681 0.22609897 0.22500278
 0.22209103 0.21925426 0.21747309 0.21539906 0.2139203  0.21317452
 0.21062414 0.20801282 0.20745288 0.20495054 0.20470357 0.20216884
 0.20042378 0.20096411 0.20207399 0.20143625 0.20389456 0.2022027
 0.20056516 0.19859698 0.19863844 0.19884753 0.199324   0.1987189
 0.19661468 0.19382574 0.19186285 0.19355394 0.19416396 0.1940312
 0.19383211 0.19192576 0.18972291 0.1900851  0.19262892 0.19097427
 0.19005854 0.18962206 0.18988736 0.18856888 0.18877196 0.1862385
 0.1875075  0.18584348 0.18589635 0.18698907 0.18676727 0.18522954]

ETTh2_336_192_SLinear_ETTh2_ftM_sl336_ll48_pl192_dm512_nh8_el2_dl1_df2048_fc1_ebtimeF_dtTrue_Exp_0  
mse:0.37976351380348206, mae:0.41604942083358765, rse:0.49419400095939636, corr:[0.27231964 0.26981306 0.26807442 0.26729628 0.26526976 0.2639263
 0.26311716 0.26145485 0.26061127 0.25951004 0.25833803 0.25675404
 0.25547305 0.2541612  0.2537009  0.25314602 0.2528297  0.25282612
 0.25221878 0.25094563 0.24984044 0.24858531 0.24803635 0.24730359
 0.24425577 0.24232487 0.24014995 0.238578   0.23783974 0.23673509
 0.23555818 0.23529485 0.23395821 0.23284006 0.23113611 0.23058854
 0.23049437 0.22815672 0.22791325 0.22702691 0.22698979 0.22627307
 0.225959   0.22445601 0.2239435  0.22171214 0.22108854 0.21988207
 0.217865   0.21539694 0.2135614  0.21216689 0.21002558 0.20966516
 0.20774488 0.20518205 0.20313828 0.20144002 0.20050547 0.19963413
 0.19974025 0.19829622 0.1980486  0.19826262 0.19842906 0.19765751
 0.19534168 0.19482723 0.19393277 0.19254698 0.19189653 0.1921104
 0.1904523  0.18988004 0.18910517 0.18780239 0.18641052 0.18578441
 0.18569088 0.185797   0.18521255 0.18491215 0.18486734 0.18509518
 0.18486159 0.18263397 0.18113542 0.18118137 0.18025608 0.18013214
 0.1782104  0.17583036 0.17816281 0.17701104 0.1773341  0.17833444
 0.17685491 0.17690058 0.17224306 0.17290741 0.17171897 0.171707
 0.17226607 0.17166515 0.16948102 0.16973707 0.17008449 0.16934237
 0.16935489 0.16784954 0.16644323 0.16508158 0.16581811 0.16582993
 0.1649967  0.16404451 0.16360167 0.1612005  0.16164929 0.16058707
 0.15891601 0.15594356 0.1546082  0.15469775 0.15485297 0.15487024
 0.15422742 0.15499893 0.15416017 0.15526265 0.15399957 0.15408449
 0.15253358 0.15179382 0.15253817 0.15130591 0.15044709 0.15024537
 0.14903256 0.14851038 0.14735124 0.14723916 0.14642493 0.14542519
 0.14424269 0.14149338 0.14041005 0.13925545 0.14083354 0.14110608
 0.14232935 0.14136755 0.14038797 0.13931936 0.13829854 0.13875794
 0.13848124 0.13615125 0.13770777 0.13878189 0.1371543  0.13760185
 0.13881038 0.13993396 0.14029273 0.1387442  0.13798772 0.13958368
 0.13843313 0.13744858 0.1359619  0.13594522 0.13579309 0.13426623
 0.13135579 0.13075174 0.1300229  0.12973313 0.12902349 0.1283225
 0.12982392 0.12779191 0.12668361 0.12621081 0.12398888 0.1235646
 0.12555061 0.12397148 0.12488493 0.1250916  0.12603644 0.12835045]

ETTh2_336_336_SLinear_ETTh2_ftM_sl336_ll48_pl336_dm512_nh8_el2_dl1_df2048_fc1_ebtimeF_dtTrue_Exp_0  
mse:0.45259416103363037, mae:0.4645847678184509, rse:0.5378906726837158, corr:[0.2688625  0.26673487 0.26479807 0.26431066 0.2626311  0.2607892
 0.2601329  0.25873134 0.25804043 0.2565548  0.25560758 0.2539113
 0.25232747 0.25112104 0.25021026 0.24979803 0.24920286 0.24884471
 0.24774398 0.24680302 0.2456076  0.24487102 0.2440944  0.24302694
 0.24125345 0.23970707 0.23813647 0.23778062 0.23694086 0.23609579
 0.2356606  0.2341815  0.23291548 0.23206058 0.23066051 0.22994412
 0.22869065 0.22745305 0.22650091 0.22536047 0.22316493 0.22331356
 0.22298358 0.22178452 0.22102371 0.21963236 0.21854635 0.21806853
 0.21526122 0.21351    0.21237117 0.21122178 0.20962763 0.20793898
 0.20652051 0.20356154 0.20238551 0.20077866 0.19858667 0.19753878
 0.197246   0.19685899 0.19623683 0.19657578 0.19567077 0.19548309
 0.19448534 0.19379331 0.19402206 0.19281717 0.19165216 0.19085962
 0.18933325 0.18974596 0.18956704 0.18955435 0.1881607  0.18830435
 0.18889543 0.18784097 0.18735805 0.18710628 0.18577877 0.18559377
 0.18494089 0.18477896 0.18477441 0.18441972 0.18362637 0.18292953
 0.18251295 0.18150672 0.18252544 0.18200481 0.1817995  0.18286987
 0.18247825 0.18114835 0.18033566 0.18040712 0.1802512  0.1797231
 0.17943016 0.17856656 0.18074302 0.17782035 0.1780234  0.1786263
 0.17878002 0.17708959 0.17631197 0.17561466 0.17433329 0.17358959
 0.17305349 0.1720986  0.17249987 0.17271473 0.17123623 0.17043597
 0.17038698 0.16842744 0.16766278 0.16712047 0.16600937 0.16541122
 0.16207545 0.16293103 0.16219431 0.16221027 0.1605743  0.16138284
 0.16116278 0.16119207 0.15844075 0.15875615 0.16157873 0.1580523
 0.15854573 0.15747933 0.15814815 0.157488   0.15771757 0.15704064
 0.15605517 0.15478191 0.15430649 0.15275747 0.15337266 0.15008621
 0.14983808 0.14854561 0.14822069 0.14725713 0.14578833 0.14432937
 0.14342126 0.14428248 0.1438534  0.14442831 0.14325546 0.14392774
 0.1434305  0.1433933  0.14393543 0.14443453 0.14362353 0.14377531
 0.14048393 0.1408362  0.13916029 0.13791351 0.13780741 0.13549304
 0.13511077 0.13317801 0.13296534 0.13304016 0.13278756 0.13380735
 0.1331717  0.13329735 0.13291207 0.13446778 0.13498025 0.13536963
 0.1353732  0.13528883 0.1370807  0.1362538  0.13569821 0.13539892
 0.13479227 0.13398214 0.13391668 0.13375911 0.13276397 0.13201417
 0.1323856  0.13185309 0.1324909  0.13048843 0.13121957 0.13083379
 0.13195135 0.13132997 0.13165183 0.13037819 0.13115023 0.13067618
 0.13181208 0.13190165 0.13201796 0.13310038 0.13308764 0.1329753
 0.13303645 0.1329769  0.13200521 0.13120116 0.13077098 0.13046183
 0.12776643 0.12891991 0.12981664 0.12892802 0.12629104 0.12693128
 0.12495837 0.12575208 0.12474398 0.1238289  0.1239301  0.12592877
 0.12607525 0.1266958  0.12590806 0.12692887 0.12612966 0.12626031
 0.12642817 0.12673478 0.12601076 0.12524168 0.12605011 0.1262233
 0.12665263 0.12518576 0.12678705 0.12731744 0.12559882 0.12463931
 0.12446452 0.12568171 0.12491915 0.12589596 0.12678176 0.12658286
 0.12721404 0.12695734 0.12891991 0.129813   0.12939753 0.12975478
 0.13149434 0.13090396 0.13085933 0.13171934 0.1313048  0.13102476
 0.12994552 0.1301388  0.12901425 0.13277839 0.13215452 0.13144676
 0.1321131  0.13257456 0.1329802  0.13324545 0.13379015 0.13404737
 0.13563976 0.13396733 0.13366778 0.13391249 0.13329928 0.13265727
 0.13265046 0.13200375 0.13274729 0.13106194 0.13113216 0.13196751
 0.1310243  0.13076894 0.1322587  0.13238859 0.13178645 0.13196543
 0.13098985 0.13010682 0.1299072  0.13123614 0.13220309 0.13333195
 0.13468163 0.13454966 0.13594879 0.13560025 0.13482206 0.13433327
 0.13385788 0.13310964 0.13351262 0.13226075 0.13106416 0.13027862
 0.13082933 0.12889132 0.12982315 0.12974736 0.13001855 0.12988174
 0.13269113 0.13205984 0.13143457 0.13260911 0.13244618 0.13277097
 0.13268812 0.13275865 0.13321559 0.13322812 0.1336046  0.13261198]

ETTh2_336_720_SLinear_ETTh2_ftM_sl336_ll48_pl720_dm512_nh8_el2_dl1_df2048_fc1_ebtimeF_dtTrue_Exp_0  
mse:0.6830493211746216, mae:0.5889806747436523, rse:0.6605896353721619, corr:[0.22406803 0.22252673 0.22067428 0.21894677 0.21740228 0.21486734
 0.21523464 0.21327749 0.2131376  0.21169111 0.21296924 0.20970757
 0.20822082 0.208076   0.20351046 0.20248748 0.20151071 0.20158045
 0.19818902 0.19743839 0.19646831 0.19680221 0.19728762 0.19741313
 0.19660966 0.19265485 0.19121349 0.1926747  0.19176732 0.19175567
 0.19015212 0.18980551 0.1892041  0.18949194 0.18819012 0.18808728
 0.18872385 0.18504412 0.18012837 0.17836832 0.1764911  0.17460911
 0.17078646 0.16930348 0.16219006 0.16326724 0.16463083 0.16329479
 0.16021475 0.16139974 0.16580547 0.16705072 0.1641771  0.1697311
 0.16966867 0.17029448 0.16907947 0.16887549 0.16627918 0.16699977
 0.16453248 0.16402206 0.16317005 0.16121425 0.16354617 0.15377103
 0.15870813 0.15773636 0.15876876 0.15841886 0.15889588 0.15561618
 0.15725112 0.15441045 0.15457168 0.15515089 0.15914997 0.16431946
 0.16480091 0.16459288 0.16720815 0.16702324 0.16469726 0.16283938
 0.15937044 0.1591508  0.1581851  0.16017103 0.16462666 0.15649429
 0.15828949 0.15691839 0.15620537 0.1559337  0.15681407 0.15846303
 0.16211858 0.16404971 0.16113515 0.1659358  0.16687587 0.16528901
 0.16332363 0.16021459 0.1606688  0.16147722 0.16432941 0.15932615
 0.15701127 0.1554662  0.15458801 0.15131047 0.1527191  0.14917448
 0.14716707 0.14468813 0.14450541 0.14854836 0.15141954 0.15499571
 0.15566178 0.15568334 0.15466478 0.15912727 0.15918846 0.16130696
 0.16046742 0.15865113 0.15612425 0.15482235 0.15527274 0.15120427
 0.1454339  0.13794097 0.1411705  0.1426901  0.1419811  0.14916776
 0.14061089 0.14413072 0.15026933 0.14918013 0.1505792  0.1494293
 0.15112892 0.14585303 0.1462462  0.15131316 0.14658698 0.15282412
 0.15254733 0.15246333 0.15321533 0.14953674 0.14945565 0.14747727
 0.14530323 0.13922639 0.13213974 0.13002135 0.12792307 0.12324293
 0.12418023 0.1239139  0.12858023 0.13235757 0.12883313 0.12559569
 0.12771784 0.1302762  0.12445085 0.1339951  0.12913373 0.13990593
 0.13854621 0.14008583 0.14106195 0.1438258  0.14385591 0.1453437
 0.13996896 0.1327641  0.1309125  0.13137901 0.13267218 0.12679586
 0.12343993 0.11838622 0.11727767 0.12128435 0.11989631 0.12081143
 0.12398122 0.12473321 0.12280395 0.12640297 0.13201065 0.13816172
 0.13876966 0.14347675 0.13902669 0.13903359 0.14007325 0.135493
 0.13745986 0.13624059 0.1365219  0.13167219 0.12771998 0.12798765
 0.12648046 0.12664193 0.12294996 0.11587028 0.12033333 0.12035069
 0.1159727  0.11950698 0.12085643 0.12352671 0.12670563 0.1366941
 0.13368827 0.13605484 0.135789   0.13988736 0.13988167 0.13601923
 0.13487816 0.13876486 0.13309522 0.1339312  0.1385213  0.1343813
 0.13074006 0.12421415 0.13367574 0.1385814  0.1339906  0.13993087
 0.13672493 0.13278283 0.13120718 0.14107434 0.13659686 0.14432333
 0.1423763  0.1436263  0.14915664 0.14846574 0.1444197  0.14664632
 0.14376055 0.14816973 0.1564565  0.15467836 0.1616997  0.15407115
 0.15600081 0.15868425 0.16058303 0.1628308  0.16195984 0.15863466
 0.1587215  0.1598664  0.15518081 0.15399429 0.15364645 0.15199792
 0.14822903 0.14936845 0.15480639 0.16237785 0.15545748 0.1618307
 0.16292158 0.15813494 0.1612042  0.1619324  0.16329244 0.16748002
 0.16389154 0.16608088 0.15831105 0.15840016 0.15714121 0.15959196
 0.1555125  0.15617779 0.15604423 0.16558558 0.1656863  0.16442105
 0.15846545 0.15263982 0.15378721 0.15304364 0.15906256 0.15380593
 0.14866675 0.1494954  0.15760274 0.15077172 0.14984168 0.16277683
 0.15483971 0.14893267 0.1610185  0.15668538 0.15173048 0.15263127
 0.14750071 0.1468084  0.14613776 0.15460455 0.15583557 0.15509897
 0.1560486  0.15821145 0.1568443  0.15870328 0.15598616 0.1546402
 0.15656832 0.16425595 0.1561527  0.14987968 0.15402736 0.15918869
 0.1435714  0.13826613 0.14618903 0.13400307 0.14668883 0.1431714
 0.1509321  0.1527932  0.15066974 0.15072064 0.15836479 0.16609493
 0.16830336 0.16175337 0.15679264 0.16039963 0.16012704 0.16452026
 0.16182749 0.15829237 0.1603504  0.16236715 0.16374315 0.16203375
 0.1614119  0.16634314 0.1613152  0.16333948 0.16508701 0.16694726
 0.16604058 0.1694089  0.16972364 0.17111766 0.17161152 0.17503345
 0.17326766 0.17233881 0.17196916 0.17572244 0.16817898 0.17216335
 0.16970484 0.16707389 0.1641166  0.16592695 0.16466662 0.16924217
 0.16502878 0.1630563  0.15635343 0.16954565 0.16485067 0.16527756
 0.16698176 0.16737756 0.16566075 0.16861996 0.16701318 0.17039812
 0.16885187 0.17128678 0.1712212  0.16901486 0.16876847 0.16981158
 0.17152792 0.16894794 0.16960327 0.17010194 0.17033273 0.1728202
 0.16966297 0.16527219 0.16740392 0.1679072  0.16182882 0.16853027
 0.16696078 0.16365041 0.16147143 0.16475324 0.1658414  0.1690182
 0.16856885 0.1723064  0.16593857 0.17126773 0.16501692 0.16900048
 0.17102537 0.16740836 0.16896997 0.16083932 0.16706783 0.1635854
 0.15777823 0.15388039 0.15324022 0.1564422  0.15127182 0.15485586
 0.15614195 0.16289377 0.15565354 0.15988043 0.15763184 0.15915544
 0.15763971 0.16297579 0.16235058 0.16442198 0.15946336 0.15731667
 0.15246145 0.15828368 0.15988159 0.15721376 0.16227381 0.16046092
 0.15672436 0.15316698 0.14870882 0.1552752  0.15852384 0.15413298
 0.15446119 0.15499465 0.1523406  0.15349324 0.15130912 0.15961799
 0.15543692 0.15838419 0.15461709 0.16055277 0.16098168 0.15414397
 0.15884462 0.15801683 0.16087528 0.15727769 0.16137499 0.16121244
 0.15792939 0.15173706 0.15475771 0.15741126 0.16228603 0.1553357
 0.1514819  0.15911171 0.15421645 0.15534894 0.15510698 0.15695088
 0.15497811 0.14396918 0.14817746 0.15275148 0.15027441 0.14042778
 0.14483891 0.14083853 0.14150365 0.1417032  0.13969758 0.1406742
 0.14372781 0.140658   0.15225212 0.14974867 0.1548228  0.15231869
 0.14146896 0.14310312 0.14908184 0.14692794 0.15087359 0.15672694
 0.15237188 0.15470105 0.15921037 0.15842383 0.1531798  0.13975021
 0.14924128 0.15508226 0.15059812 0.144703   0.14757888 0.14069097
 0.1284994  0.13069122 0.12851146 0.13390923 0.13136071 0.12207916
 0.1272054  0.13095161 0.12701298 0.11709387 0.12637226 0.12203088
 0.1213114  0.12178045 0.12813933 0.13084589 0.12420908 0.12487493
 0.11918753 0.11609913 0.12351517 0.12044408 0.11945219 0.1214648
 0.11953001 0.11088019 0.11878522 0.11980725 0.11393303 0.10760804
 0.10594714 0.10570136 0.10491153 0.10325633 0.10196723 0.11340345
 0.10420037 0.11051935 0.11085098 0.11283378 0.11858937 0.10768765
 0.10889231 0.09616294 0.10043233 0.10566191 0.10744408 0.10903643
 0.10882896 0.10364522 0.09959494 0.10536096 0.10469973 0.09687102
 0.09866481 0.09806636 0.09347246 0.09910905 0.09839246 0.09848275
 0.10503568 0.10143819 0.10272446 0.09831236 0.0819473  0.09331816
 0.07214481 0.08527678 0.08513022 0.08045708 0.08490892 0.07128172
 0.07943158 0.08057756 0.0900583  0.07240678 0.08597362 0.08669317
 0.07894    0.0724151  0.08472567 0.06932019 0.0823037  0.08430495
 0.0974031  0.07976916 0.08670262 0.09193915 0.09673937 0.09063282
 0.07417507 0.08039861 0.07198069 0.08783405 0.08012772 0.08552165
 0.06940813 0.07925831 0.07371432 0.08744624 0.09371041 0.05252584
 0.05696552 0.06720934 0.0756261  0.05782418 0.03709624 0.04713169
 0.05277047 0.07599626 0.07806175 0.08032221 0.08044544 0.07565346
 0.06494911 0.07669489 0.07610213 0.08154302 0.0819241  0.05018037
 0.07704262 0.07029592 0.06070953 0.06123347 0.06217802 0.05866695
 0.05487899 0.07359865 0.06577277 0.07265315 0.07733536 0.07132255
 0.07431922 0.06349108 0.06474258 0.0691164  0.0454815  0.03751181
 0.04854717 0.05021597 0.04714442 0.03358402 0.028094   0.04196544
 0.05119659 0.03903712 0.04554415 0.04268374 0.03441086 0.02236468
 0.06106647 0.06140244 0.03303301 0.03741739 0.04128422 0.05758775
 0.05137803 0.02970357 0.04621665 0.03208727 0.04131596 0.01683179
 0.02664909 0.05184843 0.05699819 0.054472   0.05434161 0.05610133
 0.04971378 0.03882477 0.04817562 0.02823273 0.01829267 0.01170075
 0.0220064  0.02121962 0.03089771 0.00784646 0.02822442 0.02169935
 0.04739186 0.03039988 0.03147668 0.03905183 0.04123388 0.01518552
 0.01483622 0.02809277 0.02809572 0.0277234  0.04614341 0.02657297
 0.03096399 0.02907329 0.02415446 0.02819064 0.03348483 0.04358773]

ETTm1_336_96_SLinear_ETTm1_ftM_sl336_ll48_pl96_dm512_nh8_el2_dl1_df2048_fc1_ebtimeF_dtTrue_Exp_0  
mse:0.30182120203971863, mae:0.34572863578796387, rse:0.5227653384208679, corr:[0.5553348  0.5561463  0.5554743  0.5553918  0.55486435 0.55423516
 0.5535444  0.5533667  0.5528702  0.554822   0.55498236 0.5558755
 0.55608785 0.5553574  0.555017   0.55383414 0.5530316  0.55239236
 0.55134076 0.5492223  0.5471033  0.5456878  0.5437393  0.5428369
 0.54090023 0.5398116  0.53878564 0.53574824 0.53761667 0.5360211
 0.5362875  0.53637594 0.53678936 0.5381454  0.53762704 0.5386106
 0.53881633 0.53940797 0.5390497  0.5380068  0.53950495 0.53858566
 0.5399716  0.53900975 0.54111266 0.5405191  0.540892   0.5415517
 0.5420101  0.54172    0.54258597 0.5423796  0.5422272  0.5407281
 0.54147243 0.542237   0.54096204 0.5412607  0.5408016  0.54222023
 0.5409973  0.5410612  0.53952444 0.54067844 0.5411531  0.54205054
 0.53923684 0.54185116 0.5410265  0.5412792  0.540576   0.5420133
 0.54155856 0.5407706  0.5414211  0.54119813 0.540885   0.5397019
 0.5403212  0.5386005  0.5398237  0.5395216  0.5391439  0.5407896
 0.5391543  0.5389731  0.5396393  0.53867733 0.5376993  0.53625965
 0.53675216 0.537514   0.5383675  0.5380068  0.5382543  0.53758633]

ETTm1_336_192_SLinear_ETTm1_ftM_sl336_ll48_pl192_dm512_nh8_el2_dl1_df2048_fc1_ebtimeF_dtTrue_Exp_0  
mse:0.33755168318748474, mae:0.36777397990226746, rse:0.5530592203140259, corr:[0.5518961  0.55229497 0.55233943 0.5523066  0.5513075  0.5496823
 0.54990673 0.5504357  0.55042493 0.55049276 0.5519321  0.55123615
 0.5524392  0.55239654 0.5513234  0.55115306 0.5502793  0.5480846
 0.547284   0.5455194  0.54362243 0.5415177  0.5405871  0.5392594
 0.5353669  0.5354483  0.534491   0.53318024 0.5323936  0.5313796
 0.5318303  0.5313421  0.5331175  0.5338296  0.53292066 0.53310555
 0.5333792  0.5342184  0.53317356 0.5345617  0.5352375  0.53484464
 0.53452903 0.5360821  0.53587717 0.5357212  0.53571916 0.5377553
 0.53683543 0.53627205 0.5367664  0.5381434  0.53791165 0.53672254
 0.537597   0.5380192  0.5377068  0.5372241  0.53748715 0.53777975
 0.5365339  0.5370662  0.5370251  0.53489614 0.53653824 0.5363745
 0.5363989  0.5363651  0.5370468  0.5361271  0.5364752  0.53749424
 0.53766215 0.5359076  0.5356713  0.5361938  0.53612953 0.5352987
 0.5358399  0.5362486  0.5355426  0.5347452  0.5355829  0.5356561
 0.53409505 0.53577816 0.53445065 0.53457284 0.53294766 0.53321004
 0.5341607  0.5336471  0.53423864 0.5336847  0.5336165  0.53109205
 0.53292984 0.5302645  0.5318372  0.53056276 0.52972895 0.53027976
 0.5283258  0.5297092  0.5288497  0.5303779  0.52794975 0.5291624
 0.530148   0.5286681  0.52831185 0.528614   0.5286046  0.528905
 0.52840847 0.526388   0.52649206 0.52747715 0.52645415 0.5270765
 0.52608514 0.52443784 0.526178   0.52548105 0.5265063  0.5262156
 0.5249805  0.52437085 0.5257529  0.52672464 0.5227906  0.5267316
 0.52603745 0.5276069  0.5273874  0.52692163 0.52674335 0.52697396
 0.5281794  0.52970284 0.5288206  0.5298673  0.5294055  0.5301328
 0.5299329  0.5309174  0.5290355  0.5311586  0.5305261  0.5298238
 0.53092515 0.5307703  0.53080326 0.5306305  0.53005147 0.53073937
 0.5305517  0.52993655 0.5298903  0.52907443 0.53009915 0.5302011
 0.53019655 0.53006166 0.5297066  0.528716   0.52982944 0.53167945
 0.53204626 0.53131044 0.53043556 0.5313717  0.5309464  0.5307157
 0.53105205 0.5302688  0.53040826 0.5304163  0.53045684 0.53082997
 0.53031373 0.52936065 0.5291113  0.53101754 0.529804   0.52891785
 0.53026795 0.5296842  0.52908033 0.5290274  0.5297274  0.5295695 ]

ETTm1_336_336_SLinear_ETTm1_ftM_sl336_ll48_pl336_dm512_nh8_el2_dl1_df2048_fc1_ebtimeF_dtTrue_Exp_0  
mse:0.3727489709854126, mae:0.3883914053440094, rse:0.5809738039970398, corr:[0.54744875 0.5477526  0.5465816  0.5467001  0.54550785 0.5436839
 0.5448825  0.54433626 0.5451255  0.54294854 0.5442058  0.54467297
 0.54545796 0.546254   0.5422227  0.54342204 0.54180336 0.54139066
 0.5389557  0.53608507 0.5372594  0.5335026  0.53251886 0.5311269
 0.530258   0.52718025 0.52650493 0.525761   0.5244776  0.5221778
 0.5241212  0.525429   0.5245728  0.5277889  0.5261907  0.52254903
 0.52846533 0.527673   0.520991   0.5241586  0.52868646 0.52643037
 0.5286161  0.5295837  0.5288721  0.5295376  0.52936774 0.53161156
 0.5301929  0.52874637 0.5297226  0.5308779  0.5299413  0.5305011
 0.5294941  0.5306208  0.5300005  0.53054833 0.5292367  0.5307339
 0.53075707 0.52953076 0.53024656 0.53063446 0.5306203  0.5309244
 0.52951854 0.5296898  0.5299186  0.5281185  0.5269653  0.527912
 0.5308704  0.5280146  0.52989084 0.52941465 0.5284503  0.53053063
 0.5264382  0.5278178  0.52972555 0.5291185  0.52845955 0.52419335
 0.5296433  0.52681255 0.5254467  0.5274278  0.52735865 0.5280539
 0.5251092  0.5259045  0.52351934 0.52566856 0.52420646 0.527777
 0.5261017  0.52510583 0.5234003  0.52431184 0.5234029  0.5226969
 0.52144706 0.52023864 0.52185154 0.5216553  0.52243763 0.52195495
 0.52181417 0.5208064  0.519312   0.51738507 0.51944566 0.51930887
 0.5185859  0.5200217  0.52041405 0.5177625  0.5183449  0.5178788
 0.5169811  0.5189062  0.51858425 0.51844037 0.51309913 0.5171624
 0.51807964 0.51808196 0.5166921  0.51785606 0.5161442  0.5194921
 0.51760954 0.52100176 0.5201627  0.5192048  0.51871777 0.5191127
 0.5194883  0.5199408  0.52271754 0.5204514  0.52126485 0.52219564
 0.5211442  0.5201696  0.5217704  0.52166194 0.5228662  0.52264345
 0.521265   0.52403474 0.5238207  0.5209905  0.52269524 0.52239054
 0.5223075  0.52253014 0.5234406  0.5222961  0.52058226 0.5229901
 0.5240293  0.5207161  0.5234322  0.5213778  0.5222287  0.52097905
 0.5227878  0.52270424 0.521966   0.5240305  0.5217592  0.52354443
 0.5223113  0.52378803 0.52408683 0.52269936 0.5219113  0.5217817
 0.52148247 0.52336574 0.5210201  0.5209543  0.52210003 0.5212147
 0.5232346  0.5202281  0.52102435 0.52312714 0.5223071  0.5220275
 0.52199334 0.51999694 0.5195545  0.51874584 0.5168661  0.5192685
 0.514648   0.5166709  0.51639885 0.51403093 0.51625997 0.51665497
 0.51008815 0.5159733  0.5134938  0.5145201  0.5127863  0.5133146
 0.5124771  0.5099336  0.5100083  0.5116996  0.505313   0.5087607
 0.50462914 0.50481534 0.5068987  0.50596666 0.505461   0.50738466
 0.5061071  0.5048223  0.5077653  0.5086401  0.50939196 0.5088732
 0.5074035  0.5086467  0.50984174 0.5057945  0.5084102  0.510801
 0.510315   0.5088921  0.5090933  0.50898486 0.5110287  0.5122928
 0.51179314 0.51014555 0.51160115 0.5099654  0.51120454 0.51097125
 0.51141    0.5109817  0.5120997  0.51117176 0.5134449  0.51083505
 0.51068395 0.5092554  0.51189935 0.50883985 0.50817204 0.5098865
 0.5101415  0.5118409  0.51175404 0.510253   0.5120236  0.51080817
 0.51140624 0.5128775  0.5108342  0.5134284  0.5101654  0.5088851
 0.51185125 0.5113287  0.5091532  0.5117091  0.5107094  0.5124701
 0.5118811  0.5119619  0.51176107 0.51167244 0.5105379  0.5112409
 0.5116538  0.50841016 0.50939023 0.51013917 0.50814366 0.5075958
 0.50844336 0.50633293 0.5098986  0.5083196  0.5082432  0.50355744
 0.5032009  0.505838   0.50263983 0.5038088  0.5040271  0.5020942
 0.5035659  0.5010156  0.50281125 0.5015414  0.49863338 0.5006397
 0.5006537  0.49907222 0.4968945  0.49947238 0.49885753 0.49858862
 0.5006616  0.49948916 0.49836037 0.49848795 0.49624118 0.49799353
 0.49907047 0.4971107  0.49827662 0.4979417  0.49902233 0.49585813
 0.4971413  0.49717048 0.49836177 0.49854052 0.4974671  0.49905524
 0.49676356 0.49921834 0.49776775 0.49733222 0.49943683 0.49957347]

ETTm1_336_720_SLinear_ETTm1_ftM_sl336_ll48_pl720_dm512_nh8_el2_dl1_df2048_fc1_ebtimeF_dtTrue_Exp_0  
mse:0.4531349837779999, mae:0.4425172209739685, rse:0.640449047088623, corr:[0.5300179  0.5204984  0.52520573 0.5253332  0.5227779  0.5192194
 0.52311957 0.51982456 0.5167555  0.518357   0.51699334 0.51771927
 0.5119288  0.5155744  0.5106417  0.51154244 0.49899372 0.51036304
 0.50042826 0.49998683 0.5004667  0.49805874 0.49613804 0.49607694
 0.49205932 0.4842428  0.48237568 0.48949543 0.4942647  0.4911292
 0.48344654 0.49044195 0.48465487 0.49113002 0.4871088  0.4902233
 0.48346233 0.49186984 0.49186167 0.4841822  0.48557916 0.49032566
 0.48998532 0.49314505 0.49274817 0.49199697 0.4903959  0.49601105
 0.49289697 0.4947928  0.49098715 0.49784088 0.4979748  0.5007624
 0.49566045 0.49577093 0.49867088 0.4972739  0.500387   0.50009495
 0.49477053 0.49727213 0.49712542 0.49698302 0.49638614 0.5016407
 0.49629697 0.4946085  0.4963561  0.49385318 0.50239533 0.49394894
 0.49424043 0.49416387 0.49514762 0.49644512 0.4994929  0.49490538
 0.4982671  0.49186054 0.49497285 0.49511272 0.4930148  0.4961518
 0.48449358 0.49273738 0.49133778 0.49765998 0.48812014 0.48997656
 0.49166054 0.49110347 0.49453545 0.4934551  0.48670062 0.49009493
 0.49274296 0.4799425  0.49162135 0.49485675 0.4877738  0.49094096
 0.48799354 0.4862418  0.48775378 0.47014898 0.48952067 0.48385814
 0.48019895 0.48251778 0.47812685 0.48262867 0.48282897 0.47680154
 0.47758627 0.48558024 0.47972465 0.4732948  0.48209566 0.48707327
 0.47758922 0.4782853  0.47856346 0.48123655 0.47983846 0.478259
 0.47679248 0.4798449  0.4779063  0.47881278 0.474264   0.47915584
 0.4817041  0.4839185  0.47435024 0.48525172 0.47682318 0.47978008
 0.48854482 0.48387408 0.49097833 0.47579062 0.4827151  0.4828497
 0.482709   0.481065   0.48517406 0.48520485 0.48285708 0.47922748
 0.4852644  0.4816447  0.47914222 0.48649096 0.48582038 0.482505
 0.48931298 0.48439914 0.4822955  0.4863547  0.49152568 0.48739004
 0.4891775  0.48435423 0.49218634 0.48988804 0.48296836 0.48578706
 0.48333648 0.48485953 0.48955253 0.48811176 0.48536322 0.4869866
 0.4877002  0.4878478  0.48065364 0.48602134 0.48752147 0.4820922
 0.48347208 0.48615062 0.47734126 0.48505214 0.4871417  0.48822975
 0.48867056 0.48815858 0.48213568 0.4849821  0.4894837  0.484611
 0.4793143  0.4868154  0.47990608 0.48121527 0.4858996  0.47624698
 0.47945544 0.48065144 0.48359886 0.4828106  0.47636145 0.47724512
 0.47347552 0.47188848 0.47623315 0.47625133 0.47057578 0.477141
 0.46806204 0.46573883 0.46766308 0.46115822 0.46678686 0.4674538
 0.4628311  0.4629821  0.46431735 0.46139324 0.46553287 0.46617207
 0.4669582  0.4636045  0.46164763 0.46094146 0.457985   0.47016996
 0.46522012 0.46605    0.4624475  0.4680961  0.46558845 0.46750316
 0.46333635 0.46147427 0.46813604 0.47208002 0.47189116 0.47048777
 0.4781588  0.47258246 0.47140434 0.4654248  0.46664497 0.47550303
 0.4763376  0.4689053  0.47304848 0.4789914  0.47867846 0.47038808
 0.4747728  0.47710624 0.4778541  0.47929874 0.4667556  0.47870517
 0.47314906 0.47957388 0.47467715 0.46911344 0.4757797  0.47129998
 0.47778723 0.46975565 0.47579044 0.472723   0.4690526  0.4725162
 0.4668453  0.46573985 0.46989825 0.4761335  0.46605685 0.47344023
 0.47696415 0.46443442 0.47198218 0.47195598 0.4665792  0.47998846
 0.47546184 0.46854487 0.4698126  0.47428307 0.46386912 0.46893004
 0.47340384 0.47503078 0.46651217 0.4678689  0.46769843 0.46769968
 0.46424624 0.46147746 0.45902652 0.4617928  0.4629196  0.46023044
 0.46202585 0.46104288 0.45402026 0.45749626 0.46321788 0.4649608
 0.44926646 0.4548836  0.45333412 0.46333233 0.45910868 0.45723295
 0.4597764  0.4576791  0.45795977 0.4601257  0.45772246 0.4516377
 0.4551351  0.45654187 0.4522663  0.4592501  0.45387658 0.4613501
 0.45584068 0.4577801  0.45630515 0.45864528 0.45999563 0.45423257
 0.45691264 0.4601968  0.454853   0.45860967 0.45732388 0.46507266
 0.45968994 0.46134093 0.4576382  0.4568677  0.4637295  0.46920958
 0.45426288 0.45685798 0.46188027 0.46507865 0.45668757 0.46518606
 0.46255383 0.45785564 0.45886812 0.46273264 0.4626325  0.45260504
 0.46107078 0.4564309  0.45941433 0.46006435 0.45617554 0.45832023
 0.4504925  0.4600388  0.45004076 0.46526477 0.46167654 0.459267
 0.45769313 0.46113914 0.45972407 0.45785922 0.4607102  0.4566563
 0.4614464  0.46076238 0.45994812 0.45223144 0.46002308 0.45754734
 0.45653576 0.46001646 0.46066904 0.46399587 0.469768   0.4585576
 0.45703182 0.46128547 0.46727502 0.45559692 0.46088535 0.46193704
 0.45208552 0.45760256 0.45243448 0.4519201  0.45209143 0.45292222
 0.4532238  0.45982635 0.45490742 0.45274058 0.44868475 0.46051928
 0.45430976 0.448958   0.45214203 0.4576352  0.4538534  0.44962963
 0.45029712 0.4465302  0.4511117  0.44594103 0.45002514 0.4497504
 0.45800483 0.4498968  0.44812873 0.44259372 0.45233482 0.45335442
 0.45367432 0.45471424 0.45091644 0.45621997 0.45571166 0.4524212
 0.45180228 0.44909915 0.45119902 0.44432005 0.44971323 0.4558878
 0.45190844 0.45109832 0.4589419  0.44853136 0.45258594 0.45122942
 0.45143428 0.4587084  0.4495993  0.4531237  0.44290367 0.45102626
 0.45780894 0.456422   0.45568597 0.4532653  0.45858428 0.45022404
 0.4534417  0.45087513 0.44714427 0.4629348  0.45358944 0.45072073
 0.45364326 0.4570997  0.45221812 0.45557484 0.4586843  0.45584983
 0.44997722 0.4544195  0.45399264 0.4552015  0.45098093 0.45713133
 0.45250833 0.450778   0.4570993  0.45446867 0.45210364 0.4567072
 0.45246917 0.45866767 0.4558363  0.4601663  0.46108806 0.4591354
 0.456829   0.45236522 0.44821346 0.45023173 0.44719273 0.44976896
 0.4495934  0.4438804  0.451911   0.44413134 0.44328642 0.45016727
 0.445338   0.43986675 0.43854296 0.43834528 0.43033114 0.44705236
 0.4397449  0.4342672  0.44233954 0.43763223 0.43862087 0.44117036
 0.43988717 0.44436    0.43532348 0.4328536  0.4443522  0.4352758
 0.43010536 0.43658412 0.44083172 0.43483275 0.43788323 0.4391033
 0.4363583  0.42912418 0.4377406  0.43573534 0.44324377 0.43848598
 0.44327563 0.43920457 0.4348221  0.43695766 0.44080707 0.43888605
 0.43868873 0.44494864 0.44230598 0.4415461  0.4387101  0.4405218
 0.44181404 0.44126183 0.4414669  0.43967772 0.43937403 0.4401717
 0.4398294  0.44473448 0.4382596  0.44179705 0.4437802  0.4428089
 0.44255832 0.43687525 0.44189692 0.4387327  0.44023952 0.4461688
 0.43674004 0.44268703 0.4432428  0.4421477  0.4409021  0.43778065
 0.44331095 0.4461723  0.44310522 0.4461165  0.44607577 0.43684995
 0.44025388 0.44197395 0.44256803 0.44617525 0.4366821  0.44425204
 0.44851318 0.4390613  0.44301555 0.43989694 0.4445789  0.44345453
 0.4408556  0.4409884  0.44102225 0.43403083 0.43917304 0.43302783
 0.43951148 0.43769884 0.4370718  0.43473613 0.43244252 0.4371585
 0.43259242 0.43311584 0.43358484 0.42914507 0.43176    0.42618826
 0.4286652  0.42729744 0.4289695  0.4291518  0.43772224 0.4231605
 0.4298321  0.42717883 0.42045566 0.4294662  0.43192992 0.42974845
 0.4337581  0.4291614  0.4279227  0.4271646  0.4295151  0.43050906
 0.42737707 0.42509282 0.42378262 0.42590854 0.4261331  0.4217045
 0.43023416 0.43166247 0.42177227 0.43030936 0.4262061  0.42043498
 0.43232444 0.42778566 0.42855468 0.42851055 0.42576933 0.43402398
 0.42660776 0.43516663 0.42904222 0.4316312  0.43088987 0.42719927
 0.42477122 0.43457893 0.43376186 0.43479908 0.43136683 0.43155795
 0.4306375  0.43434286 0.43754137 0.4395745  0.43299183 0.4268819
 0.4327927  0.42578936 0.43187046 0.43095252 0.43552923 0.43026125
 0.43224156 0.427672   0.4330935  0.4378776  0.43528637 0.43594053
 0.43198738 0.4318277  0.4366285  0.43236357 0.4358115  0.43155983
 0.43019655 0.4329473  0.4322144  0.4282037  0.4328826  0.42883328
 0.42653635 0.42973933 0.42240992 0.43365103 0.43057415 0.424778
 0.42202994 0.43111965 0.42635414 0.42260805 0.4210789  0.42144564
 0.42160854 0.42264768 0.42926264 0.42104816 0.4192739  0.4091375
 0.40857542 0.41916552 0.41955715 0.42455867 0.42020383 0.4171986
 0.41721618 0.4100925  0.42371237 0.4202953  0.41029167 0.42297384
 0.41725436 0.4160075  0.41865936 0.41982177 0.41614863 0.41874576
 0.42079765 0.42205423 0.4248615  0.42135692 0.42434928 0.415476
 0.42480156 0.4241048  0.41610572 0.4203489  0.42314386 0.42357916]

ETTm2_336_96_SLinear_ETTm2_ftM_sl336_ll48_pl96_dm512_nh8_el2_dl1_df2048_fc1_ebtimeF_dtTrue_Exp_0  
mse:0.16996657848358154, mae:0.2654089033603668, rse:0.33425500988960266, corr:[0.58143735 0.5751038  0.5731905  0.56995595 0.5688565  0.56761134
 0.5664978  0.5659747  0.5651653  0.5639044  0.5626625  0.56173074
 0.5615894  0.56070346 0.55950993 0.5597052  0.5599403  0.55934995
 0.5585998  0.5575128  0.55678916 0.5553469  0.5563233  0.5548293
 0.5534796  0.55473053 0.5551726  0.5521178  0.55309635 0.5515055
 0.55108744 0.5512075  0.55079687 0.5509304  0.5496177  0.55071056
 0.5494259  0.54884803 0.54844064 0.5486022  0.54733056 0.54804444
 0.5468037  0.5470137  0.5466972  0.545083   0.5434385  0.5447266
 0.54483485 0.54344904 0.5432857  0.54222727 0.54232657 0.54089874
 0.540045   0.53964466 0.5386783  0.53850543 0.53808767 0.5378953
 0.5371021  0.5374026  0.5367483  0.53660136 0.5356162  0.5360873
 0.5367096  0.5359774  0.5356171  0.53612095 0.5354192  0.53611916
 0.53581786 0.53498006 0.5352595  0.53494453 0.5347095  0.5333866
 0.5336107  0.5331869  0.53160435 0.5318783  0.53199226 0.5315911
 0.5300052  0.5300987  0.529178   0.52946514 0.52863336 0.5279426
 0.52757996 0.52785635 0.5266171  0.5266542  0.5250225  0.5257064 ]

ETTm2_336_192_SLinear_ETTm2_ftM_sl336_ll48_pl192_dm512_nh8_el2_dl1_df2048_fc1_ebtimeF_dtTrue_Exp_0  
mse:0.2403576672077179, mae:0.31931358575820923, rse:0.3968479037284851, corr:[0.571829   0.5683156  0.56423676 0.56335163 0.5628195  0.55840373
 0.5584248  0.5548759  0.55740327 0.5579453  0.5569055  0.55529636
 0.55292296 0.5528936  0.5500755  0.5523233  0.5530129  0.55264795
 0.5494705  0.54874265 0.5491943  0.55187917 0.5495838  0.54652584
 0.5484085  0.544487   0.5467197  0.5460569  0.5469365  0.5452772
 0.54695547 0.5444409  0.54601073 0.544811   0.5409903  0.5414239
 0.54108894 0.54234886 0.5424572  0.5397616  0.5374448  0.5440733
 0.54109687 0.5412306  0.5399256  0.53921306 0.539277   0.53621954
 0.5393995  0.53453976 0.5339908  0.53348595 0.5356888  0.5334715
 0.532725   0.53364325 0.5310192  0.53258616 0.5333586  0.5279264
 0.53285825 0.5279706  0.52749234 0.5270246  0.53296685 0.5308445
 0.52992946 0.53101707 0.5299436  0.52675027 0.5302178  0.530503
 0.5286211  0.52794755 0.52829355 0.52545977 0.5289985  0.52540904
 0.5279948  0.5236839  0.52422583 0.5223706  0.52490914 0.5229488
 0.5249612  0.5214903  0.5243939  0.5234345  0.5215326  0.5204406
 0.5185991  0.52348244 0.5222549  0.520007   0.51695734 0.5185198
 0.5178998  0.51593846 0.51214415 0.51127744 0.51130456 0.50801444
 0.5079535  0.5034246  0.50915456 0.5058828  0.50213647 0.505156
 0.50051004 0.5016929  0.50083894 0.5023241  0.4986037  0.49678886
 0.49742594 0.49294317 0.49287665 0.48936763 0.49344355 0.49300224
 0.49092257 0.49125952 0.4913331  0.48471636 0.48978192 0.49018097
 0.48890862 0.48815498 0.48844025 0.48429564 0.48764232 0.4850986
 0.48386875 0.48499247 0.4817126  0.4846369  0.48263648 0.48448238
 0.48424917 0.478248   0.48512712 0.48112342 0.48034343 0.4783118
 0.47444952 0.47883147 0.47940344 0.47928974 0.47711253 0.4779339
 0.47428915 0.47390032 0.4763407  0.4722724  0.47588152 0.47271594
 0.47074217 0.46788183 0.46959922 0.46917048 0.4663837  0.47187364
 0.470787   0.46826956 0.46748072 0.4639141  0.468903   0.46844205
 0.4689499  0.46618223 0.4652723  0.46657583 0.46974418 0.4616242
 0.46555194 0.46520633 0.4651282  0.465264   0.46323672 0.46587175
 0.4651201  0.45581564 0.46190417 0.46308482 0.46262032 0.46229288
 0.46551698 0.4596894  0.46042213 0.46325603 0.45928714 0.4621946 ]

ETTm2_336_336_SLinear_ETTm2_ftM_sl336_ll48_pl336_dm512_nh8_el2_dl1_df2048_fc1_ebtimeF_dtTrue_Exp_0  
mse:0.4008065164089203, mae:0.42903798818588257, rse:0.5113615393638611, corr:[0.55618596 0.5503702  0.55151546 0.547656   0.54718167 0.53651696
 0.5449189  0.5459754  0.53843445 0.54211694 0.53885096 0.5324745
 0.5419225  0.53056556 0.52893406 0.53000855 0.5319053  0.5361036
 0.52407986 0.53352565 0.5270376  0.5329746  0.51870394 0.5167865
 0.52384853 0.52302    0.5164661  0.51656544 0.513454   0.5202859
 0.52462703 0.5188495  0.51913506 0.52433234 0.5172576  0.52168393
 0.511545   0.51472497 0.5139346  0.51349235 0.5146594  0.5132107
 0.514953   0.5192331  0.51081353 0.5151772  0.5044118  0.5122819
 0.508505   0.5060401  0.49492368 0.5081713  0.5067694  0.5040137
 0.49622795 0.5027524  0.5122362  0.50034565 0.49716803 0.50204444
 0.49883196 0.5048759  0.5000918  0.4983121  0.49525642 0.49215078
 0.49863806 0.48636872 0.49730495 0.49006122 0.49578285 0.48896754
 0.4951559  0.47591728 0.50041074 0.4928889  0.5103643  0.48998344
 0.49075007 0.49437144 0.49358538 0.48422575 0.49026307 0.48800626
 0.488691   0.48804644 0.49794516 0.49099207 0.49068823 0.48402596
 0.49339622 0.48930663 0.48831603 0.49805713 0.48036125 0.47713816
 0.47753635 0.4652791  0.47958243 0.46492064 0.47637913 0.47630352
 0.47029436 0.46866697 0.46971124 0.46515048 0.47215372 0.47018054
 0.47269523 0.4629322  0.45118976 0.46175393 0.4509406  0.4532965
 0.4715265  0.44403338 0.4655936  0.45165405 0.44033813 0.45956114
 0.45790347 0.45246333 0.4542513  0.44444484 0.45336738 0.4492602
 0.4435741  0.42776096 0.44968638 0.43340644 0.44057852 0.4506842
 0.43484464 0.44402003 0.43539265 0.44719154 0.44514737 0.42823416
 0.42042744 0.4392063  0.4413274  0.43800005 0.43417072 0.4104232
 0.45134327 0.43642202 0.44698703 0.42796135 0.44050387 0.43753195
 0.4250831  0.42751497 0.4255111  0.43726802 0.41795528 0.43258312
 0.43506798 0.42908865 0.4310802  0.42280814 0.41710472 0.4188613
 0.4364359  0.42556483 0.42516884 0.41980472 0.4110971  0.4288003
 0.40808383 0.42891863 0.42220914 0.42007482 0.4101879  0.4219947
 0.42392132 0.42235315 0.432101   0.41308275 0.41780174 0.42188457
 0.42595512 0.4189658  0.42234474 0.42199406 0.41819605 0.40825263
 0.41699272 0.43185854 0.42817906 0.424419   0.41952944 0.4046236
 0.43558925 0.41860008 0.4110633  0.39386454 0.3965638  0.39933714
 0.41296732 0.4007031  0.38864174 0.40118197 0.40498114 0.37687686
 0.39019206 0.4040326  0.39777645 0.39850914 0.39692768 0.40590382
 0.39776003 0.40100682 0.39260632 0.38656533 0.40291888 0.38858345
 0.38165683 0.39909807 0.38053793 0.38435763 0.37725756 0.38178232
 0.3778683  0.3734791  0.38241783 0.38521278 0.37396207 0.38060147
 0.3856458  0.3701879  0.37980244 0.3860251  0.37332085 0.38271093
 0.35312653 0.38114452 0.37634254 0.3811169  0.37829372 0.38281226
 0.38465887 0.38145834 0.3660351  0.3750133  0.37317023 0.3683263
 0.3647758  0.356774   0.36742464 0.37047666 0.3631388  0.36870524
 0.37107006 0.37036943 0.36664692 0.3786018  0.3800687  0.36351794
 0.36344147 0.3783135  0.37431568 0.38545647 0.37771645 0.3724728
 0.35791722 0.37136644 0.36070168 0.3613907  0.36978483 0.3718649
 0.35683104 0.37361354 0.36652672 0.3700847  0.3779602  0.36873156
 0.36921236 0.37047142 0.36038554 0.35630655 0.35543406 0.36557257
 0.36652553 0.3616773  0.3672131  0.35228598 0.35813648 0.3663074
 0.3603734  0.3601404  0.35903528 0.35098472 0.36556616 0.3644347
 0.34791666 0.35748377 0.35598353 0.3582761  0.3556287  0.3477255
 0.3584937  0.34164822 0.3543317  0.35631102 0.35295498 0.3499775
 0.3441299  0.34055567 0.35034686 0.35209042 0.34709194 0.3388701
 0.34631813 0.34597582 0.34282055 0.34066215 0.35504755 0.34255794
 0.3498601  0.34526023 0.35106447 0.3593577  0.3570769  0.34641388
 0.33933634 0.3413319  0.338637   0.36631903 0.34402087 0.34878927
 0.3434044  0.3512429  0.34326547 0.33982754 0.34224772 0.3462142 ]

ETTm2_336_720_SLinear_ETTm2_ftM_sl336_ll48_pl720_dm512_nh8_el2_dl1_df2048_fc1_ebtimeF_dtTrue_Exp_0  
mse:1.0886846780776978, mae:0.6487854719161987, rse:0.8386784195899963, corr:[0.51228    0.49879253 0.49472225 0.49732047 0.50261474 0.49741533
 0.48359606 0.49680918 0.4898112  0.4783346  0.4899517  0.4874352
 0.48273236 0.47645864 0.48219767 0.48281643 0.46696672 0.48988524
 0.47847667 0.47472504 0.46780425 0.4665881  0.46614963 0.47514647
 0.4583897  0.45924255 0.4636427  0.465443   0.46846884 0.4704329
 0.4675806  0.4646698  0.47010672 0.4666108  0.45980144 0.4656077
 0.4527962  0.45233893 0.45640373 0.4619375  0.456023   0.45358115
 0.4572979  0.46211374 0.43479583 0.445232   0.45429564 0.45820624
 0.4411899  0.44342986 0.44783995 0.44564876 0.45462307 0.42622912
 0.4331253  0.44111392 0.4349291  0.43363488 0.4327206  0.43938464
 0.42497638 0.43108055 0.4288909  0.42447186 0.44079462 0.42592737
 0.4274356  0.45771492 0.4324505  0.43371725 0.42437077 0.43719268
 0.43386614 0.42952776 0.4200703  0.4246125  0.42266893 0.4372825
 0.43816274 0.42038798 0.43369025 0.4297745  0.42959422 0.4159652
 0.42215645 0.42506468 0.42076105 0.43046698 0.43800956 0.41420257
 0.4328409  0.41394523 0.405586   0.42005634 0.42288932 0.4108383
 0.43089435 0.40219077 0.40941408 0.40887076 0.41132098 0.40227923
 0.41503578 0.41086906 0.3990641  0.41313446 0.39807102 0.40234014
 0.39340746 0.3924543  0.39773682 0.38160166 0.39066443 0.37976512
 0.4007351  0.38514185 0.3949032  0.3961268  0.3817838  0.38672587
 0.39030415 0.38364998 0.38916022 0.39091137 0.40288448 0.36035845
 0.3788236  0.3777462  0.35401112 0.35564402 0.36618015 0.3578806
 0.37626988 0.38909373 0.3441256  0.37001625 0.3834091  0.37248605
 0.38683733 0.37317362 0.37025818 0.37303832 0.36942598 0.37615955
 0.38500518 0.3622726  0.37311327 0.35465506 0.37967822 0.37019756
 0.364131   0.3711584  0.3642081  0.3611719  0.36358118 0.36436737
 0.3548299  0.35139608 0.34641817 0.34865835 0.3483581  0.3562629
 0.3556129  0.37360138 0.34697932 0.3589404  0.34342167 0.3645885
 0.353428   0.36821494 0.37075123 0.3490868  0.36409494 0.3487178
 0.36175177 0.36296722 0.37135506 0.33731848 0.33587945 0.3633298
 0.36225963 0.3320782  0.3519649  0.33249384 0.35198265 0.34233513
 0.32227114 0.35068053 0.37692872 0.34734568 0.34484172 0.32224482
 0.3399909  0.3383833  0.32246456 0.35035813 0.34349188 0.35053402
 0.35511342 0.3517693  0.34289035 0.34529978 0.35379684 0.35119578
 0.3198302  0.33136004 0.33428845 0.3367958  0.35514975 0.33328354
 0.35219795 0.33475855 0.34349316 0.33688697 0.3366526  0.33599016
 0.35713413 0.3451254  0.3200366  0.32459858 0.34267497 0.34101778
 0.31624356 0.33788115 0.32350978 0.31372523 0.3336468  0.3263663
 0.33096695 0.33145636 0.3215076  0.30894944 0.32234517 0.3271487
 0.3214789  0.32479495 0.32671246 0.31853515 0.31043863 0.3415713
 0.3111639  0.29993314 0.33526805 0.28205234 0.30971098 0.31909138
 0.33684355 0.33018225 0.31833664 0.31809652 0.31783596 0.33230117
 0.31664455 0.31435728 0.3144633  0.3018868  0.33980095 0.32954746
 0.32294413 0.32342014 0.30813235 0.32401878 0.3190833  0.3116741
 0.3212257  0.30795383 0.31002048 0.31708008 0.31593505 0.3246432
 0.31536573 0.29878896 0.31360224 0.3126798  0.31415004 0.2917844
 0.33099678 0.32142857 0.32998675 0.31500742 0.30170405 0.31320328
 0.30523336 0.31770748 0.31436864 0.3111422  0.3070095  0.29967538
 0.30663136 0.31255654 0.28820813 0.32377005 0.30233386 0.3002736
 0.28648385 0.29338017 0.3064653  0.29300308 0.2773998  0.2948536
 0.29880673 0.29718134 0.30881983 0.30523747 0.2970918  0.29050145
 0.28730494 0.29517573 0.2816218  0.28629276 0.29727152 0.28640243
 0.30024645 0.30259657 0.29874277 0.27673507 0.29308882 0.27691174
 0.2923504  0.29451382 0.29667026 0.30150777 0.30130106 0.29353654
 0.29810944 0.29764652 0.30904981 0.2715328  0.2938965  0.2932135
 0.30850464 0.28674433 0.29953524 0.29086992 0.31101397 0.32017154
 0.2865618  0.29612452 0.31394032 0.300653   0.2896708  0.29842123
 0.28915492 0.30829206 0.29294991 0.30418038 0.30169237 0.29400554
 0.30584717 0.2912727  0.2997248  0.31497446 0.2955115  0.29167458
 0.29078603 0.27229813 0.3055167  0.30178064 0.30491757 0.28042847
 0.31408572 0.3008973  0.2957407  0.2910481  0.28405038 0.2968976
 0.29386577 0.27590716 0.2993108  0.2837498  0.29536164 0.28289914
 0.29164377 0.2801866  0.309835   0.28168413 0.28867617 0.2917688
 0.29134306 0.28506985 0.3025583  0.2910962  0.2824158  0.28731188
 0.2874866  0.28124022 0.26920596 0.2953999  0.29289377 0.28393123
 0.28582734 0.27128717 0.2979066  0.28746775 0.29125887 0.2776023
 0.26266283 0.2834655  0.28930572 0.3002551  0.27499434 0.26314813
 0.27010003 0.27516183 0.28504974 0.28963593 0.28991336 0.26996326
 0.26021314 0.26333657 0.27854872 0.2675664  0.26830426 0.26870653
 0.2917109  0.28527424 0.28372183 0.28037763 0.28262416 0.2767975
 0.28298876 0.2675378  0.29620314 0.26968744 0.2765488  0.29479265
 0.28361264 0.30244336 0.28791758 0.27977538 0.3034498  0.2947252
 0.28058705 0.27456537 0.28757465 0.27824664 0.28672892 0.27975863
 0.29611176 0.28897583 0.28528675 0.28072733 0.27098674 0.2746934
 0.2679339  0.28002858 0.28710234 0.29111853 0.28727484 0.25698256
 0.25700617 0.28476828 0.28402752 0.28311613 0.26876307 0.28858396
 0.27511916 0.28445658 0.28781614 0.2566776  0.2920438  0.27285057
 0.27002838 0.2602144  0.29262063 0.26424146 0.26372525 0.2632845
 0.272916   0.2603105  0.26057035 0.26562953 0.28361103 0.26661175
 0.27134487 0.26119468 0.28030583 0.2661836  0.2690019  0.27072483
 0.27179125 0.25946197 0.26388657 0.2557014  0.25881633 0.24730426
 0.25497887 0.22545536 0.27210492 0.26188427 0.25686324 0.2577518
 0.26395747 0.24114111 0.2510359  0.26767722 0.24996969 0.24670815
 0.26146212 0.25045335 0.25370297 0.2689059  0.26797757 0.25903368
 0.2446747  0.2651365  0.24198641 0.22785985 0.25163528 0.25301558
 0.25000304 0.24261278 0.23220319 0.2470796  0.24227095 0.24709116
 0.24314235 0.24929643 0.25246292 0.25731602 0.26019758 0.25810793
 0.23407806 0.26291424 0.26253244 0.24606603 0.24847248 0.27138224
 0.2539151  0.2522709  0.24871331 0.25698927 0.24453714 0.23401031
 0.24696401 0.23468941 0.2390651  0.24946883 0.2328729  0.21556188
 0.25028226 0.22340803 0.24615651 0.24880154 0.24351694 0.246696
 0.27441704 0.23776342 0.26059538 0.24805908 0.24501355 0.2610235
 0.24598874 0.23096797 0.23476441 0.26004505 0.23450515 0.2431146
 0.26622218 0.25960827 0.2600477  0.24084291 0.2501378  0.25703806
 0.2676014  0.24729003 0.2637932  0.229484   0.23979722 0.25303996
 0.23261051 0.25725847 0.24244317 0.23997146 0.25479975 0.24445783
 0.23765032 0.23540841 0.24072187 0.21997043 0.24733825 0.23640165
 0.23776078 0.24127607 0.22495669 0.23639898 0.23427899 0.24320099
 0.23385184 0.24838729 0.2188125  0.2170569  0.21087748 0.22812451
 0.25580624 0.24055447 0.22231095 0.20360814 0.21585941 0.21852091
 0.22625491 0.23643555 0.21918648 0.24887706 0.22298208 0.21225011
 0.2333983  0.20071763 0.22521912 0.21236712 0.2096702  0.22299093
 0.25108632 0.22373033 0.22554617 0.24228106 0.23346095 0.224357
 0.2278156  0.22723804 0.24458234 0.21064942 0.24671915 0.22388767
 0.21837467 0.21497767 0.23596875 0.22468768 0.22929493 0.21056972
 0.20467012 0.22023068 0.22201355 0.2351549  0.22506927 0.23968917
 0.22954418 0.2220455  0.20956963 0.24611263 0.2261092  0.22380948
 0.21786149 0.20741144 0.20477915 0.22712117 0.20842573 0.22124878
 0.2265686  0.21934946 0.20975141 0.22411709 0.20493045 0.21715254
 0.22375208 0.22114597 0.21372896 0.18522654 0.21919638 0.19413818
 0.19420208 0.21744725 0.2229387  0.20782521 0.20809434 0.21131213
 0.21864046 0.21144289 0.20742804 0.20482104 0.2144433  0.2008266
 0.21447797 0.191169   0.21313211 0.20515245 0.20360382 0.21221453
 0.17528364 0.19303235 0.19713484 0.19648166 0.21060155 0.18013194
 0.18073222 0.21558473 0.20849176 0.20399837 0.1743189  0.17765579
 0.1841531  0.18378145 0.20778821 0.17955387 0.18139765 0.18904066
 0.21539594 0.19504336 0.18226455 0.18925579 0.19467905 0.20683019
 0.21900527 0.20238714 0.18888105 0.21267404 0.18837127 0.1936
 0.19448397 0.18636963 0.18808126 0.20397338 0.20962903 0.21299405
 0.19541717 0.17415386 0.2109813  0.19804294 0.19700636 0.20732008]

Electricity_336_96_SLinear_custom_ftM_sl336_ll48_pl96_dm512_nh8_el2_dl1_df2048_fc1_ebtimeF_dtTrue_Exp_0  
mse:0.14059089124202728, mae:0.23831482231616974, rse:0.3726683259010315, corr:[0.46369514 0.46657148 0.46788695 0.46821758 0.46837252 0.4685271
 0.4685422  0.46837112 0.46819204 0.46826547 0.46822888 0.46825156
 0.46809337 0.46790305 0.4678847  0.46783045 0.46556902 0.46779436
 0.46760646 0.46742752 0.46748912 0.46757516 0.46742466 0.46754542
 0.46747026 0.4674922  0.46758413 0.46750334 0.46749872 0.4675668
 0.4674059  0.46726274 0.46735224 0.46747366 0.4673521  0.46739718
 0.46751365 0.46766818 0.4675533  0.46733767 0.4673535  0.4695522
 0.46719965 0.467118   0.4668175  0.46683696 0.46684608 0.46686423
 0.4668927  0.46702152 0.46722284 0.4673886  0.46733385 0.46750492
 0.46963072 0.46717045 0.4668925  0.46703762 0.46712554 0.4672882
 0.46721977 0.46726793 0.46708193 0.46716    0.46721503 0.46705875
 0.4668268  0.46680155 0.46658257 0.4663311  0.46640575 0.46641135
 0.46642554 0.46643233 0.4664064  0.4663067  0.4660466  0.46619087
 0.46616596 0.46612984 0.46623284 0.46622515 0.466407   0.46868405
 0.46641794 0.4665184  0.46648833 0.46634337 0.46628863 0.46638647
 0.46619555 0.4661782  0.4660193  0.46594578 0.4662089  0.46608278]

Electricity_336_192_SLinear_custom_ftM_sl336_ll48_pl192_dm512_nh8_el2_dl1_df2048_fc1_ebtimeF_dtTrue_Exp_0  
mse:0.1635555773973465, mae:0.2587893605232239, rse:0.40210089087486267, corr:[0.45977065 0.4618935  0.4636582  0.46454635 0.464025   0.46356678
 0.46393156 0.46422556 0.46394703 0.46351972 0.4633904  0.46316707
 0.4636279  0.4634366  0.46255282 0.46352854 0.4638877  0.46339348
 0.46326292 0.4634036  0.46318987 0.46242082 0.4628023  0.46348003
 0.46318048 0.46342933 0.46383104 0.46383756 0.46375594 0.46369487
 0.46348053 0.46276298 0.46272948 0.4630818  0.46202293 0.46173888
 0.46182716 0.46221298 0.46206182 0.46205023 0.46219882 0.46170786
 0.4618925  0.46203098 0.46129662 0.4620412  0.46134955 0.46183044
 0.46202934 0.4622336  0.4625101  0.4624957  0.46197927 0.46216053
 0.4621006  0.46192196 0.46164644 0.4616758  0.46141285 0.4611613
 0.46054512 0.46191263 0.46135718 0.46186033 0.46173698 0.4618928
 0.46184766 0.46137226 0.4612858  0.46104214 0.46081656 0.4606336
 0.46139038 0.461272   0.46190202 0.461492   0.46130615 0.46180835
 0.46159762 0.4614773  0.46137065 0.46120715 0.4610569  0.46118757
 0.4613953  0.46111095 0.46147177 0.46050134 0.46080047 0.46052995
 0.46100295 0.46041626 0.4604424  0.45968378 0.46056142 0.46076056
 0.46070883 0.46133074 0.461663   0.4609012  0.46153823 0.46127892
 0.4619531  0.46115452 0.46061665 0.4613809  0.4611723  0.46108437
 0.4614296  0.46112883 0.46122196 0.46137327 0.46151748 0.46138167
 0.46095502 0.4608533  0.46088827 0.46045503 0.4609084  0.46109208
 0.46147227 0.46139547 0.46129572 0.46164548 0.46123934 0.4611457
 0.461861   0.46184242 0.46110183 0.4614226  0.46133763 0.46054706
 0.4611253  0.46107414 0.46144775 0.46147633 0.46138212 0.46159053
 0.4607066  0.46083525 0.46063885 0.45992962 0.46034378 0.46106398
 0.4613096  0.4614988  0.4611226  0.46161    0.46093336 0.46088907
 0.46095526 0.46103945 0.46097976 0.46027598 0.46102503 0.46127373
 0.4613206  0.46097878 0.46106496 0.4613978  0.46099856 0.46176726
 0.46116358 0.46124208 0.46078807 0.46064708 0.4611144  0.46118397
 0.46176142 0.46173504 0.46189696 0.46117675 0.461142   0.46110365
 0.46065316 0.46022007 0.46030998 0.46051437 0.46064422 0.46029624
 0.460048   0.46071628 0.46008754 0.4600102  0.46085316 0.46074748
 0.46088082 0.46039683 0.45985112 0.45948076 0.4599858  0.45931858]

Electricity_336_336_SLinear_custom_ftM_sl336_ll48_pl336_dm512_nh8_el2_dl1_df2048_fc1_ebtimeF_dtTrue_Exp_0  
mse:0.17018090188503265, mae:0.2689354717731476, rse:0.41057899594306946, corr:[0.45645392 0.459157   0.46023712 0.4605485  0.46072736 0.4608795
 0.46077666 0.4608358  0.46048588 0.46054453 0.46058872 0.4602965
 0.460263   0.46028388 0.46033764 0.46031326 0.4599709  0.46011305
 0.4601182  0.45978373 0.45958635 0.45959678 0.45948008 0.45969704
 0.45953968 0.45999208 0.46026406 0.4604753  0.46039507 0.4602934
 0.46015495 0.46028876 0.46008906 0.45991123 0.45985973 0.45993382
 0.4596554  0.45985067 0.4597371  0.45962408 0.45955482 0.45959425
 0.4594033  0.4594431  0.45898983 0.45909017 0.45907226 0.45927033
 0.45938388 0.4597363  0.45975637 0.45967993 0.45974195 0.4595833
 0.4598299  0.45958146 0.45961434 0.45955515 0.4595265  0.45942092
 0.4591186  0.45925906 0.45918703 0.45938247 0.45931712 0.45928875
 0.4590993  0.45879152 0.45876396 0.4585997  0.45862588 0.45898452
 0.4587983  0.45899242 0.45901304 0.45904887 0.4589305  0.45897707
 0.45900223 0.45890972 0.45878822 0.45870075 0.458732   0.4585689
 0.4585208  0.45858726 0.45846304 0.45862716 0.45861033 0.45836362
 0.45842555 0.45859575 0.45858127 0.4584945  0.45866212 0.4585232
 0.45869696 0.4589106  0.45888123 0.4587647  0.45897874 0.45890456
 0.4588365  0.45898616 0.45897272 0.4588006  0.45874244 0.45860034
 0.45854586 0.45854    0.45848227 0.45854422 0.458573   0.45853424
 0.45857763 0.45850584 0.45846316 0.4585663  0.45857778 0.458626
 0.45867407 0.45877743 0.45884308 0.45896837 0.45860943 0.4589047
 0.45872048 0.45887956 0.4586817  0.4586358  0.45830557 0.45853963
 0.45826435 0.4584792  0.4584093  0.45864025 0.45868596 0.45861053
 0.458547   0.45839965 0.45813024 0.45824707 0.45816112 0.45826164
 0.45846915 0.4581312  0.45855558 0.45864746 0.45868096 0.45852143
 0.4586251  0.4584154  0.4584414  0.4585615  0.45837066 0.45836326
 0.45848554 0.4584054  0.45836198 0.45826653 0.45827007 0.45828623
 0.458095   0.45809427 0.45797405 0.45827845 0.45849162 0.45880163
 0.45856184 0.45838404 0.4583551  0.45814276 0.45803225 0.45784363
 0.4579107  0.45765594 0.45784277 0.45756254 0.45753878 0.45728895
 0.4571784  0.45718288 0.45707968 0.45688173 0.45677274 0.45670748
 0.45656925 0.4563624  0.45642594 0.45640045 0.45646748 0.45658782
 0.45651495 0.45641336 0.45671546 0.45649788 0.45653117 0.45636612
 0.45668742 0.45663294 0.45656893 0.4565155  0.45617145 0.45600763
 0.45621166 0.45598656 0.456039   0.45616165 0.45609832 0.4561978
 0.45599782 0.45597017 0.45601252 0.45579928 0.4560328  0.45595694
 0.4559564  0.45602125 0.455937   0.456155   0.45600107 0.45612293
 0.45610264 0.45617133 0.4560656  0.45610118 0.4559824  0.4558968
 0.4560181  0.45581082 0.45598468 0.45589957 0.45600685 0.45592418
 0.4559516  0.4556009  0.4556079  0.4556502  0.4556214  0.4557328
 0.45597038 0.45549878 0.45564353 0.4556163  0.45575282 0.4556562
 0.455735   0.45557344 0.45551953 0.45539415 0.45509887 0.45518732
 0.4551534  0.45529646 0.45522505 0.45531356 0.45528698 0.4552269
 0.4550596  0.4552362  0.45496464 0.45517874 0.4554331  0.45549664
 0.45551363 0.4557519  0.45567384 0.4557873  0.4557061  0.4555758
 0.45564306 0.4556271  0.45531347 0.455387   0.45529243 0.45514446
 0.45503792 0.45513025 0.45520273 0.4551907  0.45500237 0.45528597
 0.45523092 0.4552726  0.45516717 0.45528793 0.4550921  0.45534968
 0.45542315 0.45535478 0.45556754 0.45533407 0.4555325  0.4554623
 0.4555326  0.4554076  0.45526764 0.45523152 0.45513725 0.45509848
 0.45510042 0.45487735 0.4550817  0.4550632  0.45529503 0.4551388
 0.45507008 0.45499885 0.45464668 0.45463964 0.45488134 0.45488393
 0.45500714 0.45507595 0.45511281 0.45521206 0.45517957 0.45528132
 0.45517167 0.45509642 0.45514694 0.45504674 0.4550624  0.45487216
 0.45477328 0.45488706 0.4548761  0.4547547  0.45473865 0.45484293
 0.45487323 0.45464054 0.45482692 0.45475364 0.45463493 0.45510417]

Electricity_336_720_SLinear_custom_ftM_sl336_ll48_pl720_dm512_nh8_el2_dl1_df2048_fc1_ebtimeF_dtTrue_Exp_0  
mse:0.20356185734272003, mae:0.301060289144516, rse:0.45006537437438965, corr:[0.4441559  0.4468302  0.44791353 0.44832468 0.44846252 0.44849887
 0.44857356 0.44837233 0.448388   0.44832817 0.44821498 0.44816753
 0.44810152 0.44802088 0.4479251  0.44796526 0.44775042 0.44780195
 0.4477125  0.44761166 0.44744536 0.44746828 0.44741184 0.44754192
 0.44757175 0.44774848 0.44781128 0.44789293 0.4479003  0.44789708
 0.4478914  0.4477828  0.44770667 0.44757143 0.4475405  0.4474346
 0.44740814 0.44731203 0.4472204  0.44727138 0.44722602 0.44704634
 0.44712114 0.44702768 0.44697043 0.44696277 0.44687134 0.44704327
 0.44700515 0.44717857 0.44724807 0.44727585 0.44732025 0.4472181
 0.44724062 0.44721094 0.44713023 0.44707316 0.44696146 0.4468599
 0.4469064  0.44678164 0.4469042  0.44695017 0.44691783 0.44692415
 0.44690287 0.44673008 0.44673774 0.4467615  0.4466346  0.44672033
 0.4466358  0.44664955 0.44666398 0.4466462  0.4466629  0.44674942
 0.44678307 0.44673666 0.44660553 0.44651493 0.44652697 0.44642243
 0.4462008  0.4461546  0.4462155  0.44631317 0.4461771  0.44620287
 0.44618666 0.44604355 0.44601732 0.44610628 0.44597083 0.4459805
 0.44609037 0.4461415  0.44626543 0.44624293 0.4461989  0.44623366
 0.44641823 0.44635952 0.44618273 0.44620717 0.44603133 0.44607666
 0.44602373 0.44597834 0.44599566 0.44591457 0.44590977 0.44588473
 0.44588667 0.44574934 0.44566962 0.44567135 0.44569984 0.44568327
 0.4459432  0.44598597 0.4460267  0.44608173 0.44614384 0.4461266
 0.4461135  0.44607985 0.4460046  0.44576037 0.4457409  0.44567654
 0.44564673 0.4455839  0.4455865  0.44565535 0.4456826  0.4457668
 0.44568378 0.44577602 0.44571444 0.44566408 0.4459024  0.44592237
 0.44586635 0.4461488  0.4463395  0.44635922 0.4463109  0.44639528
 0.4462682  0.44640777 0.4463703  0.44612402 0.44607142 0.44604445
 0.44588378 0.44595924 0.44592127 0.44592902 0.44599718 0.44608152
 0.4459117  0.44598624 0.44608653 0.44608    0.4461308  0.44627407
 0.44628054 0.44609526 0.446142   0.4460166  0.44598636 0.44585344
 0.44577563 0.4458026  0.44561794 0.44561094 0.44541106 0.44539043
 0.44530192 0.44529033 0.4452997  0.4451988  0.44523478 0.44525328
 0.4454744  0.44497985 0.44494072 0.44494498 0.44489837 0.44488478
 0.44463107 0.44474036 0.44482154 0.4449116  0.44480622 0.44494265
 0.4448296  0.44479126 0.4447482  0.44467416 0.44454807 0.44451746
 0.44452587 0.4444128  0.44436336 0.4445108  0.44436353 0.44454017
 0.44431168 0.4441942  0.44401148 0.44407183 0.44395795 0.4440525
 0.44396484 0.4440805  0.44411814 0.4442248  0.4441657  0.4442475
 0.44397902 0.44416952 0.4440417  0.44409683 0.4440511  0.44413272
 0.4439338  0.4439352  0.4439352  0.44388804 0.443814   0.44387454
 0.44380668 0.44377178 0.4435749  0.44360885 0.44355693 0.44353744
 0.44339663 0.44344303 0.44346634 0.4434713  0.4434706  0.44361678
 0.44374794 0.44363865 0.4436602  0.4434924  0.4435078  0.44334882
 0.44341063 0.44347048 0.4433647  0.44336212 0.44327354 0.4432499
 0.44321212 0.44318232 0.4430764  0.44301254 0.4431386  0.44296852
 0.44303477 0.44313818 0.44323757 0.44337535 0.4432198  0.44327685
 0.4432477  0.4431886  0.4430535  0.44301292 0.44284266 0.4429104
 0.44292784 0.44280615 0.44278884 0.44287145 0.44296432 0.44291285
 0.4428977  0.44282618 0.44276553 0.44264153 0.44275787 0.44286636
 0.44284806 0.4429706  0.44303206 0.4431308  0.44315514 0.44312912
 0.44302782 0.4432113  0.4430207  0.4428218  0.4426886  0.44254917
 0.4423622  0.44266757 0.44266114 0.44265738 0.44273975 0.44286364
 0.44280368 0.44272047 0.44280523 0.44274193 0.44286975 0.44275823
 0.44297466 0.44314635 0.4429296  0.443129   0.44330296 0.4432798
 0.44330895 0.4431756  0.44330302 0.4431706  0.44305384 0.44287494
 0.4429371  0.4429229  0.4429119  0.4429123  0.44298607 0.4429065
 0.44283056 0.44279152 0.44261387 0.44287574 0.44303462 0.44310448
 0.4427164  0.4428988  0.44281048 0.4426963  0.4424457  0.44246784
 0.4425465  0.44246802 0.44233078 0.4419834  0.44200623 0.44191682
 0.4418807  0.44190013 0.44173008 0.4417571  0.44172817 0.44151074
 0.44160953 0.44155425 0.4414176  0.4416076  0.44147348 0.44156963
 0.44140792 0.44129032 0.4413991  0.44139308 0.44119906 0.44140142
 0.44140032 0.44140345 0.44118148 0.44114733 0.4410641  0.4410399
 0.44081464 0.4409045  0.44086653 0.44089672 0.44099268 0.44097632
 0.44086695 0.4407803  0.4407913  0.44078326 0.44083175 0.44081914
 0.44063362 0.44071272 0.44086215 0.4409842  0.44091696 0.44090086
 0.440988   0.44094223 0.44080356 0.4407543  0.440583   0.44050995
 0.440698   0.44061622 0.44054553 0.44047853 0.44065586 0.440479
 0.44048786 0.44041368 0.44040945 0.44034493 0.44029102 0.44011286
 0.43998778 0.44005236 0.44027397 0.4403451  0.44036007 0.4404451
 0.4405269  0.44032112 0.44041258 0.4403086  0.44044384 0.44029334
 0.44016144 0.44028413 0.440228   0.44032404 0.4401665  0.44009686
 0.4402587  0.44037527 0.44011065 0.44010207 0.43998614 0.440136
 0.44018573 0.440172   0.44016945 0.44018653 0.4403356  0.440313
 0.4402474  0.44014853 0.44008535 0.44010755 0.439977   0.4400285
 0.43998042 0.43999335 0.44001564 0.43989652 0.4399676  0.4402176
 0.44003057 0.43992713 0.43989143 0.43987954 0.43983003 0.4398556
 0.43968546 0.43991557 0.43994844 0.44019064 0.44014835 0.4402002
 0.44030112 0.44016623 0.4401602  0.44014776 0.43994522 0.43993536
 0.43983027 0.44002262 0.43988487 0.43997005 0.43992084 0.43987548
 0.44000757 0.43992174 0.43992797 0.43999892 0.44002372 0.4399993
 0.44018313 0.4400759  0.44036737 0.44035128 0.44034788 0.44054523
 0.44058368 0.44051394 0.4405418  0.44049153 0.44039643 0.44019026
 0.4401305  0.4401707  0.44018233 0.44026682 0.439998   0.44007358
 0.4401142  0.44013965 0.44009784 0.44017765 0.4404251  0.44059074
 0.44026905 0.44027913 0.4402188  0.44025102 0.43992096 0.440077
 0.43991947 0.43976647 0.4397551  0.439448   0.4395666  0.4393439
 0.43941683 0.43931773 0.43936214 0.4392199  0.43925953 0.43936312
 0.43940687 0.4390717  0.43892467 0.43903795 0.43891987 0.4390582
 0.43878478 0.43878233 0.43877727 0.43882728 0.43865263 0.43872538
 0.438818   0.43863863 0.4384957  0.4384598  0.4384282  0.43837717
 0.43829992 0.43835834 0.4383964  0.43824577 0.438279   0.43823132
 0.4381799  0.4380724  0.4379087  0.4380582  0.43793637 0.43800592
 0.43786415 0.43792117 0.4378912  0.43767264 0.43785155 0.43773863
 0.4377774  0.4380127  0.43779212 0.4376252  0.4375133  0.43745935
 0.43742096 0.43726873 0.43723816 0.43723068 0.43679377 0.4368386
 0.43676233 0.43664026 0.43661568 0.43648723 0.4365112  0.4364821
 0.43617854 0.4363545  0.43643725 0.4364559  0.4364728  0.43638632
 0.43654856 0.4364701  0.43654594 0.43648612 0.4364145  0.43637234
 0.43637043 0.43634078 0.43632537 0.43624255 0.4361996  0.43628412
 0.43621096 0.43615824 0.43609014 0.43610975 0.4360277  0.43595996
 0.43591416 0.43585026 0.43594503 0.43594864 0.43592432 0.4359436
 0.43606204 0.43599597 0.43596175 0.4358073  0.43593317 0.4358522
 0.4358468  0.43584052 0.43582305 0.43582773 0.43561244 0.43573606
 0.43573564 0.43560413 0.43559378 0.4355801  0.4356966  0.4355668
 0.43562657 0.43572608 0.43570164 0.43566623 0.43572143 0.4358348
 0.43587294 0.4357703  0.43570808 0.43560088 0.43554842 0.4354789
 0.4356114  0.43542895 0.43547773 0.43566868 0.43555412 0.43555537
 0.4354396  0.43543777 0.43559244 0.4354912  0.4356965  0.43570015
 0.4355321  0.43572366 0.43587705 0.4359435  0.4358413  0.43584982
 0.43602997 0.4360051  0.43597665 0.43590367 0.43578586 0.43572047
 0.43561786 0.43561077 0.43557087 0.43556276 0.43555537 0.43556064
 0.43551227 0.43552607 0.4355722  0.4355981  0.43556854 0.43582973
 0.43543777 0.4351612  0.43512934 0.43521178 0.4350782  0.4349941
 0.43517375 0.4349333  0.43485716 0.43450645 0.43458134 0.43424377
 0.4343028  0.43431485 0.4341613  0.43434146 0.43425944 0.43425882
 0.43431205 0.4341762  0.43388763 0.4339364  0.43388537 0.43401963
 0.43383044 0.43373334 0.43376842 0.43371534 0.43377697 0.43376118
 0.43367717 0.4336099  0.43353975 0.43351096 0.43327203 0.43326214
 0.43310213 0.43316644 0.43327755 0.43311056 0.43308416 0.43307555
 0.4331799  0.4330232  0.43286723 0.43285045 0.43303013 0.43294555]

weather_336_96_SLinear_custom_ftM_sl336_ll48_pl96_dm512_nh8_el2_dl1_df2048_fc1_ebtimeF_dtTrue_Exp_0  
mse:0.1871529221534729, mae:0.24804137647151947, rse:0.5700992941856384, corr:[0.46579733 0.4671684  0.45859098 0.46080434 0.45826438 0.45691153
 0.4553094  0.4523844  0.4490889  0.4502295  0.44924653 0.44345805
 0.4465663  0.452021   0.44707525 0.44090298 0.44576624 0.4420413
 0.44331095 0.44502485 0.44208273 0.4424055  0.4433023  0.4326114
 0.4358217  0.4375043  0.43017757 0.43779048 0.43609464 0.42747718
 0.4325074  0.43123055 0.43041915 0.42781112 0.42945924 0.42823634
 0.42439106 0.42707688 0.42471462 0.42243308 0.4241439  0.41591975
 0.42291096 0.4173571  0.41887358 0.4218387  0.41688976 0.41693255
 0.41567183 0.41426387 0.42206845 0.41223922 0.41551554 0.4165052
 0.41225135 0.4084791  0.41504273 0.41101146 0.41558087 0.41010967
 0.415497   0.40759575 0.41765922 0.40367603 0.40682942 0.41153327
 0.4142278  0.409077   0.40492976 0.40821183 0.41093984 0.4080541
 0.40880695 0.40738752 0.41115424 0.40551493 0.4065754  0.40314606
 0.40680915 0.4076116  0.41254634 0.40575466 0.40694076 0.39926454
 0.40836734 0.40280974 0.40850443 0.40429157 0.40772197 0.41045147
 0.40291172 0.405739   0.39752176 0.4067314  0.4063681  0.40912008]

weather_336_192_SLinear_custom_ftM_sl336_ll48_pl192_dm512_nh8_el2_dl1_df2048_fc1_ebtimeF_dtTrue_Exp_0  
mse:0.23219817876815796, mae:0.2888081669807434, rse:0.6343041062355042, corr:[0.45793015 0.45778576 0.45117983 0.45220497 0.44861624 0.4519194
 0.45329243 0.44552848 0.446952   0.4447123  0.44663885 0.44465923
 0.44377103 0.43886697 0.44341278 0.4415394  0.43812883 0.4341879
 0.4386263  0.4354446  0.43342426 0.43577543 0.42869812 0.4301496
 0.42910093 0.431445   0.42121086 0.4274942  0.41895896 0.4232067
 0.42598385 0.4191553  0.42343906 0.42245886 0.42087883 0.41332734
 0.41647407 0.41380668 0.4150234  0.41602427 0.41934288 0.4136048
 0.41263682 0.4151496  0.41301933 0.41305044 0.41434997 0.40806913
 0.40881407 0.40493542 0.40775278 0.40686885 0.41184023 0.40751338
 0.40891922 0.4097337  0.40546405 0.4040462  0.40097168 0.41216594
 0.4013886  0.40045604 0.40421808 0.40747306 0.40337566 0.40702206
 0.40202373 0.39988697 0.40285242 0.40504256 0.40266368 0.39605278
 0.40356514 0.40283552 0.39560908 0.40826666 0.4030525  0.40004405
 0.40454867 0.40322658 0.39510638 0.39757147 0.3998569  0.40011832
 0.39753208 0.39713615 0.4038588  0.40264648 0.4018468  0.39680088
 0.40275648 0.39572868 0.39507738 0.39947775 0.3980678  0.3968073
 0.40799457 0.39378825 0.39733288 0.4002584  0.3950367  0.39663914
 0.39846835 0.39624935 0.39697197 0.3991022  0.4012622  0.39933762
 0.39479426 0.40097272 0.4010452  0.39738372 0.39367023 0.39155975
 0.39027417 0.3969719  0.39185238 0.39686626 0.39303237 0.39407077
 0.39745936 0.4002011  0.39400953 0.3925595  0.39127898 0.39311504
 0.38892666 0.39388207 0.39638275 0.386597   0.39110187 0.39596927
 0.39022598 0.3882796  0.39113194 0.39622775 0.3874467  0.3879676
 0.38778496 0.38439155 0.38240913 0.38831818 0.38386893 0.39139354
 0.38352197 0.38554144 0.38150805 0.38242927 0.3868786  0.3879068
 0.38707286 0.38398474 0.3760135  0.3776702  0.38431895 0.3859218
 0.38121718 0.3797061  0.38566247 0.37924257 0.37868068 0.3769341
 0.37219718 0.37650672 0.3731774  0.3776823  0.37217426 0.36768702
 0.3707945  0.3696889  0.36750633 0.373525   0.37445715 0.37218338
 0.36459845 0.36473894 0.36616147 0.36794075 0.3673685  0.36927143
 0.36276326 0.3639974  0.36539397 0.36437532 0.3618809  0.3618854
 0.3619493  0.36052936 0.36393717 0.35890633 0.36607754 0.3577542 ]

weather_336_336_SLinear_custom_ftM_sl336_ll48_pl336_dm512_nh8_el2_dl1_df2048_fc1_ebtimeF_dtTrue_Exp_0  
mse:0.31234151124954224, mae:0.3472740352153778, rse:0.7340072393417358, corr:[0.44242114 0.4384695  0.44162944 0.43499932 0.4331769  0.43435833
 0.43115133 0.43588683 0.43075705 0.42742473 0.42845294 0.42789495
 0.4274498  0.42069796 0.42903346 0.42075583 0.42696494 0.42709354
 0.41649425 0.41776636 0.41711712 0.4206689  0.41558945 0.4205956
 0.41500953 0.4158837  0.41037077 0.41095814 0.4107583  0.40937892
 0.40476152 0.40668315 0.4098752  0.40250036 0.39640924 0.39962572
 0.40047896 0.4000134  0.3998573  0.398276   0.40135092 0.40351298
 0.40262687 0.40120167 0.40122473 0.39817122 0.39457157 0.39068717
 0.3990385  0.39787742 0.39017448 0.39101493 0.38933352 0.3885043
 0.38890606 0.38472217 0.3891703  0.3840298  0.38507304 0.3903628
 0.3925788  0.38398945 0.38850737 0.39462787 0.38595366 0.3878381
 0.38466045 0.38256216 0.3818175  0.37896973 0.38909575 0.38514942
 0.38077083 0.38799605 0.3851974  0.38191304 0.38533598 0.38151577
 0.3806414  0.38276944 0.3834433  0.37820178 0.3885329  0.3783394
 0.38313457 0.3817707  0.38077566 0.3867129  0.38204765 0.37880394
 0.38210836 0.38343284 0.38145357 0.3785529  0.37896803 0.3777657
 0.37845603 0.38491765 0.37693304 0.3718177  0.38393748 0.3804162
 0.3801446  0.38356975 0.3806658  0.3785762  0.38659558 0.3793872
 0.3776313  0.38637847 0.38222307 0.37794784 0.3767845  0.38386467
 0.37503096 0.38049528 0.37986618 0.37396172 0.37595817 0.37580657
 0.37604284 0.37886322 0.377841   0.37842718 0.38007915 0.37595525
 0.37079975 0.37566558 0.37208095 0.37288603 0.3736714  0.37790203
 0.37251225 0.37230253 0.376075   0.36510554 0.37236503 0.3689382
 0.3676406  0.3612548  0.37144417 0.36825535 0.36807817 0.36598197
 0.37156025 0.3643867  0.36461875 0.35975948 0.35668147 0.36692312
 0.36219025 0.3619975  0.36313057 0.3582786  0.36111695 0.36044464
 0.35047492 0.35463175 0.36045063 0.35587177 0.3551459  0.3576509
 0.36271682 0.35058746 0.35778052 0.35375226 0.35032883 0.35564914
 0.3535463  0.3517107  0.35075945 0.3504703  0.35105506 0.35610098
 0.35151675 0.34436327 0.34745997 0.3408038  0.34655342 0.34475556
 0.34961662 0.3420131  0.33887774 0.3441468  0.34306103 0.3420018
 0.3419981  0.33651936 0.34276628 0.34316656 0.34056035 0.33490106
 0.33985054 0.33911294 0.33797684 0.34082335 0.33612698 0.34130335
 0.34073395 0.33356306 0.3349971  0.33096924 0.33975467 0.34145233
 0.33268195 0.33334816 0.3330585  0.33430168 0.3373774  0.339227
 0.33514732 0.33668685 0.3304871  0.33732426 0.33523917 0.33643606
 0.32735977 0.3380179  0.3348114  0.33432975 0.33729652 0.3363533
 0.32241878 0.32719982 0.33305418 0.3342565  0.32693806 0.3273243
 0.3354843  0.32988483 0.3374247  0.33052528 0.33584023 0.3369123
 0.32362723 0.32663622 0.33503807 0.33300212 0.33572122 0.3302189
 0.33968168 0.32442915 0.33278173 0.32797298 0.33323768 0.33187732
 0.32737067 0.32851517 0.32477227 0.32909983 0.33546406 0.33056736
 0.33322662 0.3326577  0.32601506 0.32505316 0.3323829  0.33100075
 0.32632267 0.32656074 0.33215412 0.32753268 0.32913032 0.33387122
 0.3282117  0.332295   0.33047527 0.32513377 0.3270362  0.3292711
 0.33203688 0.32093763 0.3371822  0.3284577  0.32657054 0.32756498
 0.32529497 0.32067394 0.318885   0.32757902 0.3254291  0.3245641
 0.32084063 0.32905337 0.31831387 0.32243454 0.3125866  0.3202727
 0.32188368 0.31850365 0.3195506  0.31746358 0.31968483 0.3190736
 0.31876814 0.31147537 0.3117839  0.31232548 0.31718138 0.31457648
 0.31344914 0.31225064 0.31243503 0.3115163  0.30598766 0.31312197
 0.30271733 0.3061595  0.30810246 0.30415872 0.31035843 0.3014802
 0.29979345 0.2984318  0.29493815 0.29473323 0.2900016  0.3001472
 0.30286276 0.30229175 0.29943225 0.30118635 0.29642388 0.29403147
 0.29169855 0.2993453  0.29850635 0.29075313 0.29526216 0.29426447
 0.29081288 0.2941937  0.2950144  0.29732382 0.2856128  0.2933767 ]

weather_336_720_SLinear_custom_ftM_sl336_ll48_pl720_dm512_nh8_el2_dl1_df2048_fc1_ebtimeF_dtTrue_Exp_0  
mse:0.3557031452655792, mae:0.38572460412979126, rse:0.7848305702209473, corr:[0.44950885 0.4484425  0.44270182 0.44731018 0.44070038 0.43996936
 0.43936118 0.43683296 0.44070733 0.43399116 0.43146768 0.4240976
 0.4355112  0.42895758 0.42410675 0.42427117 0.4320551  0.42567104
 0.42337227 0.42336422 0.42166615 0.42464596 0.41634265 0.40940878
 0.41643947 0.4138343  0.41344833 0.41622755 0.4126208  0.4109108
 0.4126902  0.4051469  0.40461433 0.40088856 0.40461627 0.39983714
 0.4098561  0.39641714 0.40184432 0.39588484 0.3972059  0.3986247
 0.40444756 0.3986574  0.39953792 0.403562   0.3974633  0.39382336
 0.39618754 0.4000082  0.40037242 0.3974879  0.39511788 0.40022296
 0.38726124 0.39313528 0.39485666 0.38769817 0.389453   0.39114642
 0.3916457  0.38363117 0.3860482  0.38843557 0.3961347  0.38902554
 0.37858167 0.39422232 0.3812027  0.39175627 0.38284343 0.38783243
 0.39504725 0.38798428 0.37962785 0.3834573  0.38320044 0.38900152
 0.38608328 0.38839996 0.37851164 0.3870707  0.38121963 0.3734726
 0.38572097 0.38489005 0.3832691  0.38704434 0.38433024 0.37944588
 0.38500777 0.38327122 0.38402838 0.38244656 0.3712176  0.37914127
 0.38423136 0.38187727 0.38580352 0.3815571  0.3840608  0.37846813
 0.37924892 0.37958696 0.38470235 0.38998663 0.38441092 0.3825948
 0.3772132  0.3729021  0.37540838 0.3855749  0.38397247 0.38178948
 0.3814302  0.38159695 0.3821711  0.38138533 0.38457793 0.3814339
 0.37638104 0.37753773 0.37872157 0.37484577 0.3743135  0.37818158
 0.37586993 0.3733616  0.37236294 0.3876647  0.36978006 0.37925822
 0.3800788  0.37739047 0.36570454 0.3703631  0.37986702 0.3777296
 0.37458122 0.37195984 0.3780476  0.3736987  0.36980683 0.3728939
 0.3649904  0.3665163  0.3716796  0.36166906 0.36978766 0.36218038
 0.3717628  0.36568525 0.3643598  0.36248466 0.36747813 0.35479695
 0.36198676 0.35042945 0.35555092 0.36672005 0.36159003 0.3644204
 0.3601821  0.36030558 0.35416546 0.3517775  0.34999564 0.3477308
 0.35058823 0.35012165 0.35634723 0.35260594 0.3523766  0.34824106
 0.34818268 0.3446763  0.33694136 0.34118673 0.34457418 0.34961975
 0.3408834  0.34077263 0.34521353 0.34112895 0.34899133 0.3473939
 0.3470902  0.34584296 0.33609527 0.33795804 0.3417856  0.32938594
 0.34156016 0.3391088  0.34039664 0.33827087 0.33787388 0.33306426
 0.33930606 0.33048773 0.34239054 0.34188387 0.3392442  0.3398436
 0.33358628 0.33480975 0.33132404 0.32590383 0.3424687  0.326785
 0.33355796 0.33988792 0.32783866 0.3312114  0.3276651  0.33181143
 0.3317633  0.33682862 0.33301565 0.3280327  0.32545882 0.3318753
 0.34618628 0.3327659  0.33224776 0.32869604 0.3319683  0.32225296
 0.32656553 0.334778   0.33782312 0.3274355  0.3334828  0.3260585
 0.32694855 0.3367788  0.33880863 0.33397773 0.33539435 0.32752562
 0.3343959  0.3292506  0.3326153  0.335465   0.3299226  0.33513862
 0.32635137 0.3323313  0.3338901  0.33722147 0.33544293 0.32986987
 0.33020854 0.32803264 0.3343913  0.33371973 0.33583477 0.3267301
 0.32438666 0.33507115 0.31526062 0.3254622  0.330951   0.33435124
 0.32839206 0.32411852 0.32621378 0.3248991  0.32661524 0.3275893
 0.31710318 0.32723045 0.32901824 0.32094225 0.32983384 0.32617065
 0.3242641  0.31968006 0.32168597 0.32765716 0.32281494 0.31707373
 0.33094218 0.32600012 0.3158471  0.31578496 0.32249987 0.31686038
 0.31972134 0.32061616 0.31488293 0.31456742 0.3162321  0.3176287
 0.3201106  0.31677124 0.3139797  0.3085409  0.30791476 0.31142598
 0.30939138 0.30454102 0.31001142 0.30215016 0.30891854 0.30178455
 0.30531803 0.30364296 0.30196083 0.29472494 0.30939436 0.296848
 0.29446223 0.29845607 0.29666686 0.2965447  0.29991242 0.29940566
 0.29149368 0.29420608 0.29601723 0.29624337 0.29944268 0.2996359
 0.29280156 0.29054543 0.29145744 0.292813   0.2852678  0.2937216
 0.28731844 0.2905851  0.29482287 0.29258692 0.29172087 0.2808198
 0.28668556 0.29221207 0.28451607 0.28757823 0.2953876  0.29205647
 0.28775546 0.29573002 0.27952787 0.28249782 0.2848271  0.28837198
 0.287663   0.28071013 0.2747938  0.27864265 0.28791133 0.2789261
 0.29014382 0.2887366  0.27898455 0.28529704 0.28414053 0.28282148
 0.2760624  0.28499377 0.29206192 0.28353336 0.29777056 0.28223532
 0.2852023  0.28651726 0.2831712  0.28033262 0.2790018  0.2817394
 0.28068528 0.28955105 0.28008875 0.27284053 0.2844226  0.2838031
 0.28908402 0.2860078  0.29649433 0.2884114  0.2882758  0.2927103
 0.28218973 0.29455426 0.2875041  0.28575423 0.28051835 0.29363474
 0.28488618 0.2863472  0.2736559  0.2834138  0.28374895 0.28664723
 0.2773908  0.28461498 0.2789501  0.27910414 0.29580304 0.28196967
 0.28248885 0.28357232 0.2902598  0.2885255  0.28914347 0.2884452
 0.28535575 0.28330636 0.28183222 0.2838827  0.27984717 0.28573233
 0.2836561  0.28033856 0.27406466 0.2852954  0.27670676 0.27593118
 0.28115702 0.28074208 0.28113598 0.2793491  0.28421396 0.27940547
 0.27981055 0.28263    0.28172696 0.2769695  0.2797902  0.2689983
 0.2700198  0.27882895 0.28644076 0.27562448 0.28164384 0.27804115
 0.27958396 0.2715054  0.2679905  0.26403618 0.2723553  0.27331182
 0.27133933 0.26327097 0.2689867  0.26243365 0.26150802 0.26845613
 0.26636803 0.26546448 0.26526004 0.26200482 0.2595208  0.2651998
 0.2541587  0.2716208  0.25959465 0.2683492  0.25838777 0.25902936
 0.25840327 0.25939703 0.25516978 0.25387675 0.25946683 0.26052278
 0.2557159  0.25314522 0.2579673  0.25699857 0.25283518 0.25556985
 0.25570446 0.25803027 0.26371622 0.26071405 0.25276572 0.2550749
 0.25380015 0.25699818 0.25372258 0.24138239 0.2551864  0.2521517
 0.25163475 0.24804758 0.251476   0.25972414 0.24524398 0.2607717
 0.25456405 0.25461602 0.25645968 0.2514115  0.2502391  0.24920355
 0.2584515  0.25919953 0.25643355 0.25142592 0.2568727  0.2570078
 0.24769266 0.25405887 0.2453905  0.25192577 0.25496617 0.24345593
 0.2520291  0.25003642 0.24837467 0.24578837 0.2510938  0.2455056
 0.25928566 0.25366512 0.2503676  0.25511548 0.2547396  0.25130427
 0.2535624  0.24918869 0.25192347 0.25664568 0.24914838 0.2519433
 0.24622183 0.25359315 0.2539167  0.24772705 0.25472116 0.24421199
 0.2540894  0.24290957 0.25430253 0.24935375 0.24842735 0.25062367
 0.25334483 0.24996127 0.25153202 0.24455331 0.24708845 0.24240912
 0.2530322  0.25081432 0.25916758 0.2508252  0.2512228  0.24864362
 0.25860566 0.24519835 0.24326856 0.25166953 0.25095305 0.2424802
 0.25309598 0.25212446 0.2507618  0.24919759 0.24557893 0.25044835
 0.2523403  0.24755423 0.24036252 0.24577896 0.24787349 0.23512141
 0.24512863 0.24299577 0.24950512 0.24771217 0.24679545 0.24772948
 0.24463546 0.24665454 0.24803743 0.23318976 0.24804454 0.2401896
 0.2482604  0.24117786 0.23783177 0.24330814 0.23606057 0.23126684
 0.22884755 0.2409544  0.2247372  0.23291862 0.23269635 0.2359715
 0.22495028 0.23459363 0.2347496  0.22538638 0.22881998 0.2321215
 0.23519816 0.23706743 0.23412876 0.22961015 0.23351724 0.2267983
 0.22605541 0.21804382 0.21819626 0.22589135 0.218796   0.22819513
 0.2289046  0.22408439 0.23052973 0.22356337 0.22521895 0.22486264
 0.2324014  0.2150082  0.22191076 0.21765576 0.225159   0.2267501
 0.22330827 0.225511   0.21682142 0.22923724 0.22281194 0.22420627
 0.22069544 0.22584768 0.22192544 0.22996916 0.21807247 0.21930492
 0.21691091 0.2246235  0.22215983 0.22487651 0.21731023 0.21298371
 0.22165696 0.22065818 0.22125095 0.22318168 0.22677812 0.21789289
 0.22390822 0.22487932 0.2254494  0.22321635 0.2152563  0.2224498
 0.22760488 0.21614665 0.22039461 0.22486575 0.22104625 0.21473682
 0.21833034 0.2155525  0.22404282 0.212889   0.22055055 0.22117004
 0.22267996 0.21604076 0.22897497 0.21520574 0.22114266 0.22634268
 0.21847433 0.22810912 0.22586662 0.22150247 0.21985371 0.22115125
 0.22207542 0.2271805  0.22783737 0.21978766 0.22802871 0.22869186
 0.2263829  0.2283953  0.22399338 0.21953231 0.2212991  0.22364198
 0.2212391  0.2175284  0.2214288  0.2315428  0.22374086 0.23255588
 0.2257938  0.22798811 0.23850295 0.21971475 0.22510128 0.22620584
 0.21826963 0.22505373 0.23003183 0.22958682 0.21736836 0.21983655
 0.22450462 0.22494248 0.21900508 0.22514565 0.22132066 0.23198768
 0.22585613 0.22114295 0.22156851 0.22487521 0.22426268 0.2168236 ]

