ETTh1_336_336_DLinear_ETTh1_ftM_sl336_ll48_pl336_dm512_nh8_el2_dl1_df2048_fc1_ebtimeF_dtTrue_Exp_0  
mse:1.119786024093628, mae:0.8547616600990295, rse:1.0074409246444702, corr:[0.219575   0.22354227 0.22526823 0.22320375 0.22082274 0.21045968
 0.20997797 0.20443863 0.20327863 0.20194314 0.19981395 0.1918544
 0.19127057 0.18599063 0.19435045 0.1972858  0.19673124 0.19355707
 0.18172334 0.1702151  0.181308   0.17991239 0.17934372 0.17608637
 0.17808712 0.18226086 0.18479227 0.18676458 0.18011409 0.1789498
 0.17434524 0.17766742 0.18111621 0.18438108 0.18555088 0.1829963
 0.18054172 0.17459188 0.17335203 0.1758968  0.17704578 0.16879846
 0.16749616 0.1668775  0.17315415 0.1713488  0.1750674  0.1739101
 0.17345074 0.1752307  0.17444454 0.1704247  0.16958179 0.16262561
 0.15913373 0.16544001 0.1633482  0.16474847 0.16406593 0.1617166
 0.16348043 0.16348574 0.15992981 0.16400968 0.16393581 0.15969048
 0.1557377  0.1537764  0.15765844 0.16321978 0.16510715 0.16173407
 0.15869398 0.16187532 0.15902746 0.15970784 0.16035798 0.15391348
 0.14914855 0.15352574 0.15971118 0.16031948 0.15669319 0.15647227
 0.15745759 0.15106384 0.15346585 0.15515238 0.1474892  0.14687984
 0.14490904 0.14809225 0.15717863 0.15735012 0.15832642 0.15393458
 0.1534058  0.15597397 0.1532596  0.15268014 0.15367681 0.15099566
 0.14936842 0.15091065 0.15554166 0.15410021 0.15354279 0.15487012
 0.15934199 0.15297647 0.16114679 0.15745676 0.15562445 0.1516612
 0.14828584 0.1478152  0.15085469 0.15282208 0.15398788 0.15690224
 0.15295091 0.15425986 0.15984    0.15789591 0.1628285  0.15893193
 0.15347457 0.16424198 0.1668716  0.16930369 0.16359803 0.16397744
 0.16664971 0.16565986 0.1625392  0.1630772  0.15889613 0.16159019
 0.15918586 0.15677066 0.16793296 0.16844763 0.1732222  0.1714191
 0.17013918 0.17008197 0.17024457 0.16662426 0.16828506 0.17194988
 0.17042264 0.17378089 0.17778683 0.18129377 0.18213731 0.17210269
 0.17925313 0.17943798 0.17714283 0.17913635 0.18060906 0.17792538
 0.17629343 0.17594257 0.17560418 0.18510488 0.18544793 0.18209082
 0.18155919 0.1829567  0.1845578  0.18142818 0.17954898 0.177803
 0.17877506 0.18389593 0.18902673 0.19190961 0.1901563  0.18805689
 0.1913669  0.18829915 0.18972392 0.19185312 0.19109344 0.18836318
 0.18628402 0.18494798 0.18784231 0.18963563 0.19209976 0.18941785
 0.186897   0.18749613 0.18865152 0.18158825 0.17927533 0.1853125
 0.18959837 0.19393937 0.19832884 0.20123647 0.19378869 0.19652693
 0.1922244  0.19222818 0.19288921 0.19309644 0.1951663  0.19683628
 0.20038134 0.19765024 0.2004101  0.20284398 0.20308639 0.20081732
 0.19635305 0.19300973 0.19361281 0.18842366 0.18889394 0.18924747
 0.1961386  0.19617039 0.20196716 0.20767938 0.20385374 0.20493762
 0.2067384  0.19743143 0.19686197 0.2021274  0.20338225 0.20253369
 0.2031704  0.20328708 0.2022488  0.20725602 0.20708483 0.20136335
 0.1997994  0.19548452 0.19447234 0.18934005 0.19283243 0.1961127
 0.19576263 0.1995264  0.20691912 0.2035003  0.2043268  0.20346929
 0.20754907 0.20468348 0.20595105 0.20466813 0.20633218 0.20449415
 0.20233846 0.2027885  0.20521165 0.20801462 0.20795912 0.20286316
 0.20013826 0.20182616 0.20202774 0.2000845  0.20091419 0.20216338
 0.2040405  0.20875484 0.20884752 0.20721231 0.20493855 0.20610765
 0.20418502 0.1990323  0.19778642 0.20165774 0.20221622 0.19869818
 0.19742355 0.20128629 0.20343074 0.2062975  0.20440729 0.1967523
 0.193155   0.19268201 0.19706468 0.19508778 0.19517717 0.1949452
 0.2007106  0.20220678 0.20688097 0.2032458  0.20211808 0.20159301
 0.20400232 0.20109576 0.20019215 0.19800822 0.19645862 0.19847448
 0.1968108  0.19444159 0.19825506 0.19901413 0.19717556 0.19060673
 0.19196853 0.19139504 0.19425905 0.1851688  0.18625629 0.18651487
 0.1893251  0.19185114 0.1940544  0.19934116 0.19921719 0.19586004
 0.19910355 0.19932538 0.19640946 0.19822864 0.20000522 0.19706243
 0.19632368 0.19421552 0.19802277 0.1985741  0.19892348 0.19205472]

ETTh1_336_720_DLinear_ETTh1_ftM_sl336_ll48_pl720_dm512_nh8_el2_dl1_df2048_fc1_ebtimeF_dtTrue_Exp_0  
mse:1.0773802995681763, mae:0.8330562114715576, rse:0.9936569333076477, corr:[0.19183908 0.19387186 0.19454025 0.19637738 0.19145933 0.18940356
 0.18858606 0.19017965 0.18650268 0.18348023 0.18368313 0.18726726
 0.18923193 0.18578069 0.18302505 0.1835449  0.18244484 0.18036973
 0.17622656 0.17521831 0.17002559 0.17675292 0.18158235 0.17726418
 0.18231116 0.18497287 0.18674913 0.18064052 0.17756028 0.17680283
 0.17682624 0.17634436 0.17439026 0.17241213 0.1744929  0.17523508
 0.1706749  0.17135748 0.16986494 0.17832166 0.18025517 0.17683452
 0.18050821 0.1778823  0.17238316 0.17080343 0.17469496 0.17225099
 0.17403951 0.17986669 0.18348138 0.17847766 0.17805065 0.1766643
 0.17664304 0.17945115 0.17445683 0.17458421 0.17488597 0.17442712
 0.17553881 0.1711999  0.16960628 0.17278643 0.17513204 0.1719235
 0.17859188 0.17411533 0.17091078 0.17144695 0.1752699  0.17427546
 0.17650893 0.18132015 0.17774177 0.1722059  0.17083955 0.16967832
 0.16914327 0.17127629 0.16552866 0.16792367 0.17157154 0.17070106
 0.1731743  0.17029439 0.17036004 0.17211625 0.17485327 0.17759714
 0.17957851 0.18002613 0.180061   0.17754732 0.1792637  0.17616527
 0.1759814  0.18055965 0.18062587 0.17499201 0.17629708 0.17474273
 0.17314123 0.1754573  0.17266615 0.16859695 0.16935894 0.17417045
 0.1749008  0.17341359 0.17659548 0.1728241  0.17271657 0.17319271
 0.1816562  0.18064207 0.17970525 0.17848003 0.17568159 0.16958942
 0.16920148 0.1757769  0.17644855 0.16912244 0.17063151 0.17064878
 0.17351323 0.17570858 0.17278597 0.16660802 0.17125082 0.17103748
 0.17192142 0.17197636 0.17083211 0.17314225 0.17458591 0.17258742
 0.17497127 0.17502904 0.17118062 0.16413122 0.16785488 0.16510037
 0.16377404 0.17205903 0.17459737 0.17140569 0.17007627 0.16983831
 0.17344274 0.16665937 0.1662997  0.16146813 0.16166759 0.16421923
 0.16604671 0.16880128 0.16711618 0.16595276 0.16756754 0.16380946
 0.16623083 0.16121812 0.15124203 0.15380436 0.15739256 0.15903953
 0.16503532 0.16769075 0.1713509  0.16674794 0.16258426 0.16634744
 0.1659716  0.16506723 0.15985462 0.15641555 0.15821543 0.1632704
 0.16600358 0.16757257 0.16122554 0.16142711 0.16017339 0.1564444
 0.15906969 0.16211155 0.15745768 0.15867135 0.15977678 0.15998276
 0.16403018 0.16602625 0.16724937 0.16512318 0.15941042 0.15900002
 0.16587338 0.1611316  0.16034885 0.15324268 0.15231058 0.15661554
 0.15439054 0.15582792 0.15346326 0.15222923 0.15412964 0.15425733
 0.15934767 0.15837583 0.15274695 0.16347833 0.16807878 0.16541971
 0.16727777 0.16788247 0.16856161 0.15949492 0.16033563 0.16111854
 0.1675761  0.16825634 0.16228321 0.15561287 0.15736954 0.16074994
 0.16271168 0.1626659  0.1640095  0.16831332 0.17551273 0.17058796
 0.16890962 0.17114496 0.1714443  0.16856064 0.17228204 0.17043823
 0.16732383 0.16019525 0.16331804 0.15122703 0.15628631 0.15278734
 0.1575121  0.16392416 0.159828   0.15686426 0.16018727 0.16053909
 0.16329902 0.17026691 0.16320957 0.17047884 0.1712289  0.16955201
 0.17366865 0.17675349 0.16840906 0.17398892 0.17565645 0.17136882
 0.1645125  0.16415584 0.16692394 0.16359617 0.16667175 0.16689947
 0.17343515 0.17234136 0.16648607 0.16235887 0.15529525 0.15982161
 0.16455905 0.1721625  0.17819929 0.1798711  0.17827928 0.17891246
 0.17560263 0.18096115 0.176381   0.17012307 0.17255303 0.17075491
 0.16976829 0.17236525 0.17592557 0.17338632 0.17383815 0.16541836
 0.16238423 0.16349287 0.16348056 0.16109836 0.16315633 0.16446607
 0.16858041 0.16093092 0.1657015  0.16776401 0.16894369 0.17100368
 0.17500994 0.1765128  0.17297861 0.16971646 0.1705793  0.16691524
 0.16706659 0.1651893  0.17347997 0.16929471 0.16866036 0.17327887
 0.17279893 0.17037216 0.16611277 0.16042538 0.1633736  0.16608159
 0.16874588 0.16967912 0.17137401 0.17383105 0.17551637 0.17833601
 0.1730242  0.17072469 0.17016302 0.17044339 0.17232797 0.17363201
 0.17001468 0.1692982  0.16456278 0.16760233 0.17265545 0.16741809
 0.17016779 0.16916935 0.1650523  0.16528635 0.16669054 0.17509332
 0.17577158 0.17873472 0.17247714 0.17415823 0.17523617 0.17739935
 0.17557466 0.17368762 0.17037761 0.17584883 0.17444226 0.17203271
 0.1645627  0.16819902 0.17142278 0.16866848 0.16564472 0.16861829
 0.16909792 0.16544642 0.16133444 0.15472542 0.15736733 0.157594
 0.16582179 0.16680072 0.17259474 0.17268318 0.17102264 0.17451514
 0.1781937  0.1720176  0.16716848 0.16855563 0.16853382 0.1633279
 0.16267845 0.16553593 0.17226909 0.16661441 0.16578878 0.16635229
 0.16696842 0.16306767 0.15980713 0.1556532  0.1559597  0.16264978
 0.16622007 0.1697376  0.17103927 0.16911684 0.16966303 0.17305422
 0.17494409 0.17368235 0.17095587 0.17366259 0.16738982 0.15956216
 0.15093598 0.1520534  0.15206811 0.14924924 0.15127659 0.15238775
 0.15357122 0.16014291 0.1555414  0.15445009 0.15487696 0.16027303
 0.16161264 0.16443288 0.16639833 0.16868627 0.16861793 0.17353697
 0.17183442 0.16976939 0.16629663 0.16124238 0.16350399 0.16063195
 0.15668984 0.16106296 0.16333668 0.16015986 0.16061078 0.16338545
 0.15529148 0.15683787 0.15273361 0.15432596 0.15523821 0.15744942
 0.16221982 0.1616157  0.16522762 0.1675781  0.17397073 0.17431588
 0.16964452 0.15946409 0.1557637  0.15801603 0.16247404 0.15724656
 0.15109894 0.15614887 0.15812689 0.15486869 0.14984645 0.14459905
 0.14936411 0.14927691 0.14448422 0.14253409 0.15036567 0.15601252
 0.15638079 0.16529125 0.1685819  0.1678835  0.17281705 0.1710655
 0.17208824 0.17147966 0.17213477 0.16865459 0.17089847 0.16486894
 0.16505338 0.16576593 0.165796   0.15970072 0.16219479 0.1675831
 0.16249807 0.16188253 0.16134992 0.16057436 0.16271819 0.16383207
 0.16998331 0.1676733  0.16737454 0.1721166  0.17539755 0.17518902
 0.18002959 0.1809219  0.17576085 0.17751384 0.18333463 0.17852813
 0.17404617 0.1780111  0.1744544  0.16723745 0.16820045 0.17194477
 0.17183357 0.17387472 0.17013927 0.16962688 0.16992566 0.17475489
 0.17824955 0.17648204 0.17832996 0.17621599 0.18483754 0.18272142
 0.18155292 0.17962253 0.17803638 0.18295605 0.1844296  0.17898677
 0.17807756 0.1742102  0.17873068 0.1706915  0.1697943  0.17597869
 0.17618631 0.17617533 0.17189032 0.16966902 0.17474866 0.17469975
 0.17682296 0.17939301 0.17447588 0.1797036  0.18348669 0.18552536
 0.1869368  0.18677028 0.18410043 0.18356824 0.18173456 0.17775628
 0.17256893 0.16822784 0.17066069 0.1602995  0.16088486 0.16016062
 0.16701196 0.16726582 0.1634485  0.16289356 0.15876974 0.1650783
 0.17385425 0.17146806 0.16994382 0.17384161 0.1774006  0.18055558
 0.18204316 0.18164685 0.17822626 0.1765418  0.17869547 0.17197292
 0.16589771 0.16609137 0.16480869 0.15535398 0.15585347 0.16320331
 0.160337   0.16061634 0.15970443 0.15818712 0.15752046 0.16164993
 0.16470286 0.16441378 0.16492142 0.16665111 0.17207912 0.17022304
 0.17153883 0.17175035 0.17330341 0.1705868  0.16973947 0.1659557
 0.16032147 0.16408418 0.15944794 0.1533422  0.15518247 0.15647247
 0.15574151 0.15343185 0.1429561  0.14701621 0.1494645  0.1535289
 0.15709856 0.15845299 0.16068329 0.16655812 0.16703066 0.16803584
 0.16514675 0.1645985  0.16374514 0.1588054  0.15740874 0.15575966
 0.1547512  0.15202282 0.15421772 0.1493657  0.14928868 0.14310908
 0.1446934  0.15127866 0.14636625 0.14392525 0.14488064 0.14820412
 0.15121906 0.15339187 0.14934985 0.151676   0.15326127 0.15863615
 0.15685949 0.16089854 0.16201389 0.15971075 0.15997854 0.15590072
 0.15489563 0.15305355 0.1503813  0.14174181 0.14272502 0.14238809
 0.13963255 0.13848485 0.1300889  0.12728262 0.1215902  0.12570405
 0.13214941 0.13447832 0.13107558 0.13338773 0.13608833 0.14316064
 0.14483574 0.14611529 0.14898689 0.14899151 0.15105721 0.1501738
 0.14310458 0.13622332 0.13622569 0.12827192 0.1270147  0.12639035
 0.1259854  0.1278499  0.12599729 0.12089448 0.12617213 0.12799285
 0.13550985 0.13540325 0.1347142  0.13530384 0.13973746 0.14100264
 0.14041485 0.14623655 0.14877534 0.1440256  0.14436388 0.13735433
 0.13373505 0.13473932 0.13456075 0.1241306  0.12380508 0.12620792
 0.12581907 0.12871538 0.12120707 0.11551111 0.11677317 0.12095388
 0.12740006 0.1277976  0.12929654 0.1365046  0.13463217 0.13618372
 0.1399537  0.14534864 0.14568146 0.14522186 0.14690046 0.13905743]

ETTh1_336_336_DLinear_ETTh1_ftM_sl336_ll48_pl336_dm512_nh8_el2_dl1_df2048_fc1_ebtimeF_dtTrue_Exp_0  
mse:0.7913939952850342, mae:0.6828131675720215, rse:0.8469316959381104, corr:[0.24743216 0.2444732  0.24498966 0.24316339 0.23801282 0.23606746
 0.23614416 0.23759815 0.23649389 0.23635851 0.23531637 0.23156938
 0.2319336  0.23025267 0.23101404 0.23107165 0.23176515 0.23321645
 0.2320721  0.22917973 0.22988513 0.22893411 0.22893415 0.22892025
 0.23009004 0.23113042 0.23058796 0.22762677 0.226961   0.22859342
 0.22709483 0.22800869 0.22853671 0.22553098 0.22463566 0.22342767
 0.22450754 0.22428799 0.2234293  0.22386165 0.22328745 0.22459188
 0.2215914  0.22279668 0.2218286  0.22118081 0.2207832  0.222465
 0.22156747 0.22283319 0.22092417 0.2212015  0.2200011  0.22009502
 0.22097494 0.22125588 0.21995789 0.21920171 0.21800953 0.21876389
 0.21784315 0.21729173 0.21605738 0.21590148 0.21693867 0.21788563
 0.21584949 0.21495222 0.21627013 0.21440229 0.21385056 0.21362117
 0.21425432 0.21357389 0.2149513  0.21567552 0.2130559  0.21374877
 0.21291691 0.21294284 0.21165493 0.21022762 0.21070096 0.21200037
 0.21247806 0.21138453 0.21347305 0.21281491 0.21243908 0.21152145
 0.20948964 0.20646729 0.20495184 0.20632692 0.20754603 0.20756489
 0.20775731 0.20726623 0.20906278 0.20764224 0.20739572 0.20872024
 0.20733434 0.20823126 0.20706004 0.20734572 0.20680512 0.2069406
 0.20588258 0.20783578 0.20469864 0.20725906 0.20750111 0.20846464
 0.20685479 0.20525289 0.20553343 0.20651208 0.2045473  0.20245579
 0.20107585 0.19918606 0.20079274 0.20311145 0.20293532 0.20404695
 0.2017839  0.20308696 0.20253831 0.20388158 0.20440248 0.20515934
 0.20481962 0.2045673  0.20515612 0.20467257 0.20478387 0.20463277
 0.20412594 0.20072569 0.20175007 0.19981845 0.19834729 0.19904399
 0.19951536 0.19918185 0.20043924 0.2013048  0.20040344 0.2006967
 0.20127025 0.1979318  0.19836129 0.199518   0.19754797 0.19810732
 0.19703063 0.19782755 0.19995983 0.19518396 0.19447301 0.1936557
 0.19510412 0.19167215 0.19367315 0.19334216 0.19591844 0.19573174
 0.19523717 0.19792333 0.19746985 0.19866711 0.19591326 0.19551508
 0.19743866 0.19637312 0.19744587 0.19859841 0.19942005 0.20054439
 0.2001747  0.1987998  0.19766922 0.19790424 0.19721423 0.19557178
 0.19539575 0.19339672 0.19430332 0.19547977 0.19613887 0.1965283
 0.19636624 0.19644637 0.19804414 0.19721769 0.19217603 0.19406565
 0.19631892 0.19380553 0.1981162  0.19265306 0.19538869 0.19706964
 0.19789228 0.19788922 0.19888158 0.19624692 0.19617261 0.19671093
 0.19434439 0.19060932 0.19132741 0.19252054 0.19239514 0.19190939
 0.19360565 0.19311462 0.19092496 0.19230993 0.19042934 0.19127986
 0.19472201 0.19177365 0.19202429 0.19070742 0.19229925 0.19151728
 0.19196735 0.19127989 0.18842755 0.19055325 0.19017757 0.19292636
 0.19081707 0.18845432 0.18846937 0.18930891 0.18971539 0.18952793
 0.1881314  0.1907774  0.18840533 0.18812567 0.18461831 0.18248384
 0.18859646 0.19079632 0.19178356 0.19144735 0.19305216 0.19308943
 0.19306289 0.19270456 0.1927126  0.19446789 0.19303152 0.18983354
 0.18735711 0.18540376 0.18647777 0.18653576 0.18771999 0.18710266
 0.19089702 0.19015452 0.1910062  0.19402711 0.19209978 0.19273043
 0.1918609  0.1885162  0.188717   0.19098589 0.19017155 0.19108915
 0.19021846 0.19067201 0.18896274 0.1892357  0.19039652 0.18857528
 0.18572004 0.18615736 0.18790585 0.18894932 0.18761393 0.1867428
 0.18902466 0.18834646 0.19287798 0.19087495 0.19396819 0.19163819
 0.19004022 0.19638947 0.19603913 0.19409788 0.19430944 0.19328968
 0.19321333 0.19218703 0.1922247  0.192244   0.1909728  0.19212908
 0.19445597 0.19037126 0.1908218  0.19252746 0.19096874 0.19421129
 0.19455242 0.19508465 0.19598001 0.19483693 0.19419263 0.19518052
 0.19320825 0.19273984 0.19279163 0.19359283 0.19445664 0.19320291
 0.19114701 0.19138238 0.19377682 0.194023   0.19428237 0.19118571
 0.18881395 0.18717511 0.1882715  0.19401874 0.19034189 0.1919901 ]

ETTh1_336_96_DLinear_ETTh1_ftM_sl336_ll48_pl96_dm512_nh8_el2_dl1_df2048_fc1_ebtimeF_dtTrue_Exp_0  
mse:0.5985890030860901, mae:0.5580121278762817, rse:0.734889805316925, corr:[0.26415506 0.25901386 0.25345677 0.24933933 0.24617551 0.24267885
 0.23992327 0.23880407 0.23803379 0.23735698 0.23668012 0.23552243
 0.23438968 0.23331085 0.23250525 0.23176776 0.2311616  0.23101275
 0.23110262 0.2321982  0.23388311 0.23556323 0.23670892 0.23538308
 0.23357162 0.23149022 0.22975324 0.22917363 0.2287472  0.22825143
 0.22828645 0.22826676 0.22839022 0.22800821 0.22782117 0.22691858
 0.22599229 0.2248829  0.22391649 0.22307996 0.22254877 0.22275741
 0.223038   0.22427773 0.22609742 0.22878233 0.23123057 0.22918956
 0.22588506 0.22276324 0.21977499 0.21813975 0.21694122 0.21600895
 0.2153946  0.21507767 0.21508588 0.21495798 0.21485902 0.21434563
 0.21359867 0.21275237 0.21229249 0.21136369 0.21075347 0.21055184
 0.21035583 0.2107721  0.21155415 0.2123019  0.21275266 0.2111445
 0.20928854 0.20788486 0.20640628 0.2061376  0.20589457 0.2056287
 0.20557192 0.20553964 0.20554277 0.20517072 0.2051141  0.20477474
 0.2043709  0.20388019 0.2029368  0.20197879 0.20102856 0.20052026
 0.20020781 0.20074643 0.20235866 0.20392688 0.20578578 0.20588876]

ETTh1_336_192_DLinear_ETTh1_ftM_sl336_ll48_pl192_dm512_nh8_el2_dl1_df2048_fc1_ebtimeF_dtTrue_Exp_0  
mse:0.7649241089820862, mae:0.6671713590621948, rse:0.8305514454841614, corr:[0.23544313 0.22926944 0.22401546 0.22082703 0.21754286 0.21540254
 0.2138185  0.21310133 0.21298435 0.21267477 0.21297973 0.21275365
 0.21275735 0.21241072 0.21128866 0.21063216 0.20996867 0.21013035
 0.21009596 0.21153499 0.21354643 0.21430986 0.21462457 0.2117337
 0.20883457 0.20571285 0.20408906 0.20345956 0.2023183  0.2016122
 0.20116769 0.20157161 0.201906   0.20212597 0.20231447 0.20267197
 0.20374925 0.20395397 0.20310955 0.20357801 0.20296024 0.20265384
 0.20281576 0.20402844 0.20587918 0.20748949 0.20694174 0.20345874
 0.19973074 0.19594106 0.19336475 0.19229516 0.19139557 0.19129586
 0.1914681  0.19159667 0.19267635 0.19304027 0.1935428  0.19388959
 0.19425175 0.19395748 0.19350462 0.19255655 0.19166118 0.19187923
 0.19035445 0.19045286 0.19121215 0.19154252 0.19053026 0.18782714
 0.18560171 0.18390827 0.1820476  0.1826938  0.18209052 0.18196368
 0.18290202 0.18307024 0.1834802  0.18386783 0.18482326 0.18537632
 0.18571512 0.18584122 0.18468073 0.18390656 0.1827036  0.18212858
 0.1824463  0.18276249 0.18466583 0.18549067 0.18554966 0.18422855
 0.18352918 0.1820236  0.18034439 0.18000722 0.1799523  0.17980082
 0.17945585 0.1801497  0.18157959 0.1822464  0.18363124 0.18373916
 0.18365295 0.18342845 0.18286256 0.18212251 0.18138635 0.18129192
 0.1802074  0.18041903 0.1812933  0.18111934 0.18037343 0.17808284
 0.17633098 0.17455912 0.17396991 0.17328522 0.17455639 0.17460322
 0.17533296 0.175425   0.17680547 0.17805986 0.17919698 0.17977539
 0.18045622 0.18029973 0.17910577 0.17834513 0.17672922 0.1768424
 0.1766547  0.17605665 0.17704095 0.17714207 0.17706476 0.1749148
 0.17290144 0.17108639 0.16966169 0.16941227 0.16934705 0.1695238
 0.17002912 0.17050534 0.17201938 0.17417142 0.17469934 0.17555481
 0.17586775 0.17630379 0.17490228 0.17382224 0.17352308 0.17289653
 0.17212993 0.1715174  0.17312242 0.1730554  0.17288148 0.17248784
 0.17265582 0.17140675 0.16928372 0.17056689 0.16957685 0.1693479
 0.16957304 0.16993594 0.17123346 0.17302175 0.17365927 0.17486294
 0.17575279 0.17570151 0.17510982 0.17403153 0.17382863 0.17338693
 0.17258231 0.17197263 0.1730483  0.1729317  0.17146334 0.1702764 ]

ETTh1_336_336_DLinear_ETTh1_ftM_sl336_ll48_pl336_dm512_nh8_el2_dl1_df2048_fc1_ebtimeF_dtTrue_Exp_0  
mse:0.7295610904693604, mae:0.6439357995986938, rse:0.8131728172302246, corr:[0.26274619 0.25834578 0.25430346 0.25591162 0.25820386 0.25289533
 0.25288683 0.25283504 0.24962309 0.25180003 0.25189534 0.25070947
 0.25249088 0.25288376 0.25243616 0.2526932  0.25101364 0.2531422
 0.25466296 0.254509   0.25647932 0.2568184  0.25594315 0.25558886
 0.2521576  0.24826431 0.24484938 0.24294601 0.24711654 0.24659683
 0.24654306 0.24628083 0.24504152 0.2472656  0.24461475 0.2456774
 0.24635397 0.24684447 0.24651684 0.24740133 0.24738401 0.2484018
 0.24909635 0.24835539 0.24832653 0.24873593 0.2472319  0.24599834
 0.24321042 0.2383408  0.23694818 0.23671944 0.23983648 0.2402921
 0.24140328 0.24171284 0.24140644 0.24056157 0.23925799 0.24037983
 0.2405215  0.24094121 0.24146192 0.2419998  0.24143213 0.24129537
 0.24235429 0.24137105 0.2401688  0.24131866 0.2400874  0.23813677
 0.23379043 0.22896941 0.23032223 0.23309582 0.23323159 0.23211549
 0.23340663 0.23340118 0.23428747 0.23516405 0.23573083 0.2350956
 0.23519014 0.23359622 0.23373143 0.23411952 0.23364526 0.23241058
 0.23370819 0.23213924 0.23450112 0.23444225 0.23191135 0.23086551
 0.22935984 0.22693342 0.22526227 0.22652477 0.22595532 0.22677784
 0.22778036 0.23123352 0.23067914 0.23008037 0.22820726 0.2286817
 0.22856767 0.2295668  0.22831433 0.22980264 0.22860463 0.22651318
 0.22503261 0.22412805 0.22617497 0.22727703 0.23004314 0.22800149
 0.22665419 0.22280778 0.22127965 0.21902865 0.2217439  0.22138532
 0.22370672 0.22440489 0.22484604 0.22414052 0.22302586 0.22446182
 0.22365308 0.22523448 0.22324686 0.22429352 0.22343881 0.22356914
 0.22577313 0.22589706 0.22575967 0.22635227 0.22339284 0.22165594
 0.21939856 0.21885589 0.2174351  0.21893401 0.21967824 0.22047903
 0.21977788 0.22223765 0.22314422 0.22156924 0.21803121 0.21906683
 0.22045551 0.22085516 0.22190784 0.22175199 0.22185588 0.22076276
 0.2214233  0.21803853 0.21689224 0.21696506 0.2145971  0.21789673
 0.21473995 0.21444318 0.2120116  0.21391161 0.21574116 0.2173302
 0.21727459 0.21904053 0.21969257 0.21913464 0.21777734 0.21824662
 0.21799032 0.21847704 0.21849456 0.21983516 0.21836346 0.21518871
 0.21654817 0.21687658 0.21586211 0.21630257 0.21899898 0.21919881
 0.21754739 0.21531937 0.21218127 0.2111017  0.21059254 0.21283418
 0.21641748 0.21610096 0.21742277 0.2165274  0.21440673 0.21429949
 0.21592315 0.21701294 0.21725881 0.21473905 0.21360432 0.21328112
 0.2125749  0.21096237 0.20989256 0.21037462 0.21084353 0.21122226
 0.21102571 0.20803304 0.20464937 0.20646499 0.20736139 0.20541956
 0.20918398 0.21049099 0.21143432 0.21004285 0.20894039 0.21283174
 0.21174052 0.21211457 0.21161464 0.21022968 0.20733261 0.21062648
 0.21009582 0.20736293 0.20197612 0.2057231  0.20455104 0.2032924
 0.20263238 0.20239125 0.20519552 0.20683026 0.2069568  0.20787978
 0.20743413 0.20751615 0.21024935 0.2100279  0.20816064 0.20646194
 0.20868377 0.2080838  0.20852812 0.20853959 0.2097085  0.20839913
 0.20843473 0.20460886 0.20312215 0.20413542 0.20494781 0.20437542
 0.20066379 0.20026426 0.19855973 0.19873095 0.20059818 0.20103592
 0.20338657 0.20176351 0.20541793 0.20490292 0.20832779 0.2082017
 0.21077213 0.2105049  0.21012984 0.21199846 0.20973863 0.20977929
 0.20752287 0.2079822  0.20897418 0.20943506 0.20976345 0.20776312
 0.20636716 0.20245463 0.20508313 0.2010065  0.2040872  0.2054208
 0.20595871 0.20835094 0.20963003 0.21027608 0.21187983 0.21093813
 0.21125598 0.21080536 0.21056744 0.21335572 0.21315385 0.21267547
 0.21373433 0.21373172 0.21404767 0.21707031 0.21519853 0.21341223
 0.21079895 0.20826234 0.20916721 0.20623407 0.20342533 0.20721887
 0.20808625 0.21025173 0.21114582 0.21111463 0.21021225 0.21347731
 0.20935306 0.21168248 0.21458618 0.21432953 0.21446551 0.21737395
 0.21607777 0.21460491 0.21499494 0.21335086 0.21303548 0.21191756]

ETTh1_336_720_DLinear_ETTh1_ftM_sl336_ll48_pl720_dm512_nh8_el2_dl1_df2048_fc1_ebtimeF_dtTrue_Exp_0  
mse:1.0374703407287598, mae:0.8040242791175842, rse:0.9750790596008301, corr:[0.19336778 0.18962187 0.18750976 0.18155329 0.17925775 0.1788747
 0.17994101 0.17779687 0.1784077  0.1767004  0.17502975 0.17037235
 0.17113575 0.17017776 0.16779226 0.16422145 0.16383657 0.16404916
 0.15780649 0.16082123 0.163604   0.16031016 0.16297099 0.16442068
 0.17027706 0.17223863 0.17547253 0.169592   0.17039439 0.16669777
 0.16615419 0.16654253 0.16798532 0.17010447 0.16969353 0.16732055
 0.16568826 0.16342996 0.1612177  0.1603829  0.15598466 0.15573898
 0.15125398 0.14869118 0.1507073  0.14701247 0.14509533 0.14722101
 0.14698614 0.15484805 0.16036755 0.15749346 0.15956552 0.15835495
 0.15530762 0.15659261 0.16230808 0.16400163 0.16713451 0.16505024
 0.16802454 0.16502184 0.16036554 0.15935287 0.15710574 0.15383
 0.15045103 0.1510405  0.15342154 0.15352345 0.15539414 0.15886965
 0.15874386 0.16152002 0.16333252 0.16235736 0.16441046 0.16237333
 0.15631284 0.1578918  0.16198519 0.16424556 0.16470419 0.16534841
 0.16474935 0.16501692 0.16088413 0.15996145 0.15897633 0.15617144
 0.15074465 0.15131082 0.15244964 0.15138277 0.15028533 0.15249775
 0.15651597 0.16021673 0.16106008 0.16023703 0.16005787 0.1630235
 0.16452795 0.16683789 0.1632147  0.1640867  0.1594804  0.16048254
 0.15977243 0.16018765 0.15543357 0.14898264 0.14841744 0.14957984
 0.14687523 0.14482374 0.14973079 0.15181702 0.15290137 0.15364265
 0.15729308 0.15965343 0.15756463 0.15300706 0.1554813  0.15611959
 0.15459034 0.1555599  0.15692915 0.15765543 0.15878326 0.15925354
 0.1569576  0.15695216 0.15261003 0.14793688 0.14432664 0.14425893
 0.13867937 0.13925068 0.14501601 0.14573668 0.14605972 0.15210429
 0.15745631 0.16038455 0.16079752 0.15558103 0.1538399  0.15582095
 0.15825526 0.15807804 0.1587428  0.15436612 0.15468736 0.1490333
 0.14677091 0.14136869 0.14104827 0.13638    0.1401352  0.13689929
 0.14140864 0.13575391 0.14377762 0.14900798 0.15225701 0.15441887
 0.15606572 0.15889303 0.15598568 0.1540339  0.15393513 0.1516967
 0.15513918 0.15312858 0.15293513 0.14889567 0.14544474 0.14306156
 0.14465667 0.1441567  0.13946758 0.13494603 0.13832077 0.13997225
 0.1376404  0.13957033 0.14417787 0.14488576 0.1493988  0.1442174
 0.14478478 0.14528602 0.14006917 0.1413785  0.1394284  0.15111876
 0.1495915  0.15143761 0.15066886 0.150264   0.14871292 0.14824161
 0.14730811 0.14550711 0.14559434 0.14272262 0.1411589  0.14483722
 0.14279658 0.14036937 0.1370641  0.13347346 0.13565668 0.13847367
 0.14343135 0.14876455 0.15243642 0.14677781 0.14846176 0.14589846
 0.14321671 0.14143285 0.14509855 0.143605   0.14316237 0.14538188
 0.14549531 0.1453024  0.14276746 0.13814974 0.13505396 0.13867922
 0.13300063 0.13009584 0.1308561  0.13535158 0.13523415 0.1411295
 0.14363962 0.143279   0.145507   0.14710467 0.14521775 0.14641458
 0.14347441 0.14145674 0.14388776 0.14198235 0.14207286 0.1435064
 0.14565475 0.14527038 0.14872012 0.15110216 0.14847396 0.1444579
 0.14390227 0.13932611 0.14011171 0.14271498 0.1383246  0.13811155
 0.13896821 0.13748822 0.13639419 0.13202411 0.12801605 0.12863125
 0.13099466 0.13808131 0.14119023 0.14155392 0.14118966 0.14627449
 0.14882265 0.15245777 0.15412675 0.1541982  0.15390256 0.1486409
 0.14662147 0.1448016  0.145599   0.14464289 0.1451734  0.14398006
 0.14361432 0.14391747 0.14488968 0.14429484 0.14529638 0.1460815
 0.1458579  0.15005846 0.15010744 0.1518432  0.1529763  0.14801778
 0.14886375 0.14563574 0.1479705  0.14469314 0.14508955 0.14506708
 0.14352149 0.14108576 0.14120634 0.13394018 0.13257147 0.1335649
 0.1365929  0.1448773  0.14829344 0.14802109 0.147307   0.14609805
 0.14675607 0.14687797 0.14868945 0.1448239  0.13864075 0.13500012
 0.14306223 0.13986428 0.14103103 0.14418475 0.14692105 0.14690992
 0.1443759  0.14338227 0.14296474 0.13955903 0.1410879  0.13937506
 0.14068425 0.1410331  0.14451817 0.14610824 0.1480137  0.1527874
 0.15280567 0.1505461  0.1499419  0.15327613 0.15388937 0.14654718
 0.14670405 0.1471444  0.14703713 0.14338234 0.14235108 0.1431591
 0.1394996  0.14521156 0.14830467 0.1477339  0.14910945 0.14663076
 0.1452765  0.1432224  0.14024335 0.14242516 0.13990699 0.1371139
 0.1384449  0.13771346 0.13464049 0.14042227 0.14159045 0.14597802
 0.14646353 0.14629416 0.14850646 0.1479344  0.14532377 0.14523546
 0.14512123 0.1450134  0.14626351 0.14732644 0.14653222 0.14505519
 0.14579678 0.14480898 0.14399043 0.14497842 0.14791687 0.14792892
 0.14882208 0.15050727 0.14992768 0.14910685 0.14591435 0.14603004
 0.14792636 0.15013717 0.15040116 0.14712074 0.14520127 0.14310235
 0.14025445 0.14077455 0.13677137 0.13738778 0.13985854 0.14003098
 0.14387073 0.14421958 0.1438817  0.13851057 0.14354272 0.1444738
 0.14094244 0.14192295 0.14093931 0.14124168 0.14054932 0.13943842
 0.1401811  0.14357781 0.14373624 0.14279534 0.14322366 0.14082605
 0.1342186  0.13822868 0.14185356 0.14699174 0.14721914 0.15346009
 0.15520082 0.15435806 0.14985946 0.14514945 0.14482866 0.14430569
 0.140099   0.14081413 0.13816606 0.13802089 0.1387586  0.14195135
 0.14519544 0.14624164 0.14544898 0.1408719  0.13960686 0.14397179
 0.1425675  0.14324053 0.14843374 0.14913163 0.148683   0.15121493
 0.15009795 0.15091917 0.151843   0.15040565 0.15057884 0.14921318
 0.14739735 0.14959781 0.1478508  0.14318854 0.14420271 0.14032307
 0.14090784 0.14375769 0.14282142 0.14379205 0.14354259 0.14360985
 0.14354225 0.14026657 0.14043197 0.14216249 0.14162056 0.14214307
 0.14503668 0.14619362 0.15094824 0.14639731 0.14544272 0.14746794
 0.14734297 0.1466934  0.14937197 0.14778927 0.14801192 0.14627562
 0.14577726 0.14391871 0.14616592 0.14141944 0.13532926 0.13606296
 0.13307126 0.13367812 0.13552068 0.13890603 0.14065786 0.1429193
 0.14828992 0.15041035 0.14897095 0.14319235 0.14258157 0.14163907
 0.14356957 0.14545865 0.14714651 0.14694214 0.14901458 0.14600751
 0.1491562  0.1504305  0.14911492 0.14733537 0.14203003 0.14017083
 0.13978314 0.13970499 0.14130178 0.14583543 0.1460615  0.14612475
 0.14746787 0.14812326 0.14488271 0.14087814 0.13901658 0.13569199
 0.13297246 0.1382689  0.13994776 0.1431189  0.14167348 0.14358449
 0.14173573 0.14095439 0.13920632 0.14079039 0.13812245 0.13537726
 0.13797027 0.1379333  0.13929145 0.14221808 0.14054585 0.14197014
 0.13853776 0.14285637 0.13969629 0.13257846 0.13122931 0.13199224
 0.13156968 0.13622685 0.13793136 0.14050786 0.13932022 0.14124025
 0.14125639 0.14206126 0.1401517  0.14102373 0.13917077 0.13769211
 0.13107952 0.13294649 0.13254066 0.1337985  0.13108815 0.13520369
 0.13905258 0.13663323 0.13804254 0.13512968 0.13609003 0.13362618
 0.13174662 0.1334034  0.13285504 0.12894754 0.1281558  0.13257946
 0.13322064 0.1357021  0.13592906 0.13103805 0.1268303  0.1257334
 0.12181655 0.12454083 0.12537424 0.12886839 0.12648772 0.12998018
 0.13009843 0.13263847 0.1324318  0.12758775 0.13105415 0.13266686
 0.13197187 0.13610624 0.13636114 0.1357281  0.13332728 0.13076475
 0.12496422 0.12730455 0.12600471 0.1263964  0.12214158 0.11675835
 0.11747657 0.12210427 0.12393937 0.12676886 0.13030721 0.1324401
 0.13145201 0.13199213 0.13234186 0.13295881 0.12939332 0.13222454
 0.1317405  0.13529    0.13873488 0.13734299 0.13576296 0.13404317
 0.13139264 0.12953329 0.12491102 0.11960992 0.11997227 0.12120135
 0.11924018 0.11653516 0.12196489 0.12400014 0.12698576 0.12983823
 0.12904629 0.12985909 0.13309358 0.13484529 0.13764563 0.13603978
 0.13463643 0.136389   0.13682634 0.13497552 0.13396925 0.13211235
 0.1295841  0.12855741 0.12989177 0.12779334 0.12754403 0.12473933
 0.12118355 0.12280039 0.12437341 0.13113143 0.12993158 0.13042739
 0.1313879  0.13143587 0.13303524 0.13340315 0.13629416 0.13508016
 0.13386613 0.13561723 0.135843   0.13571623 0.13316001 0.1334101
 0.13328649 0.1325981  0.12975639 0.12835225 0.12510774 0.12551849
 0.12432777 0.12806295 0.12482756 0.12790056 0.12683809 0.12855458
 0.12935707 0.129878   0.12952133 0.12946755 0.12910461 0.1285349
 0.12792121 0.12760745 0.12923834 0.13013639 0.12875527 0.12729317
 0.12881462 0.12966643 0.12830663 0.13079776 0.13131274 0.12842396
 0.12633878 0.12294115 0.12578467 0.1255642  0.12707052 0.12815861]

ETTh1_336_96_DLinear_ETTh1_ftM_sl336_ll48_pl96_dm512_nh8_el2_dl1_df2048_fc1_ebtimeF_dtTrue_Exp_0  
mse:0.4470512568950653, mae:0.4620503783226013, rse:0.6350917816162109, corr:[0.2905582  0.28811333 0.28639385 0.28447196 0.2821931  0.27888963
 0.27658835 0.27647015 0.27702028 0.27672455 0.27855027 0.2759712
 0.2758516  0.27536678 0.27427822 0.2750858  0.27588132 0.27606747
 0.27522147 0.27547976 0.27573472 0.2772771  0.27786258 0.27793455
 0.2764146  0.27405715 0.2744601  0.27346718 0.27404028 0.27328897
 0.27343258 0.2717619  0.27036425 0.27121893 0.27108327 0.2711046
 0.2703515  0.27070567 0.27000514 0.2707611  0.26844925 0.26995066
 0.27024117 0.26773182 0.26978204 0.27303034 0.27134317 0.27289355
 0.27127028 0.2702268  0.26673335 0.26547    0.26522183 0.2628149
 0.26275042 0.2637341  0.26215708 0.262279   0.26392272 0.26236665
 0.2617359  0.2631277  0.26101622 0.26266706 0.26096395 0.26156598
 0.2632163  0.2623063  0.26426467 0.26451826 0.26433536 0.26191357
 0.26299292 0.26035875 0.2569328  0.25814265 0.25943026 0.25920668
 0.25809726 0.25657383 0.25478432 0.25626713 0.25521725 0.25514054
 0.25515306 0.25384295 0.25177363 0.2520608  0.25196335 0.25351906
 0.2534407  0.25051335 0.25388736 0.256419   0.25584194 0.25913653]

ETTh1_336_192_DLinear_ETTh1_ftM_sl336_ll48_pl192_dm512_nh8_el2_dl1_df2048_fc1_ebtimeF_dtTrue_Exp_0  
mse:0.6108444333076477, mae:0.5720832943916321, rse:0.742202877998352, corr:[0.27795264 0.2765494  0.2743659  0.27314606 0.27317807 0.2711916
 0.26926774 0.26902497 0.26861468 0.26789963 0.26680002 0.26567337
 0.2656901  0.26502267 0.264301   0.2637653  0.26493746 0.26365215
 0.26400313 0.2630726  0.26379195 0.2638135  0.2652287  0.26430318
 0.26399636 0.263361   0.26271006 0.26117963 0.26190537 0.26312247
 0.2622907  0.2618591  0.2622936  0.26119205 0.26071557 0.25980946
 0.26155612 0.25961587 0.25900933 0.25997418 0.25860363 0.26015896
 0.26080662 0.25945845 0.26080018 0.2592723  0.2615362  0.25901067
 0.25805157 0.25659844 0.25606322 0.25447923 0.2538037  0.25587216
 0.25528935 0.2540057  0.25565916 0.25464892 0.2543777  0.2544638
 0.25324237 0.2525227  0.25321376 0.25246844 0.2527406  0.25233164
 0.25145292 0.2515768  0.25021854 0.25142255 0.24968143 0.25068557
 0.24714758 0.2498376  0.2458254  0.2467647  0.24633197 0.24700229
 0.24668463 0.24748296 0.24805494 0.24603587 0.24506931 0.2451489
 0.24576966 0.24600141 0.24356945 0.24477068 0.24171482 0.2455335
 0.24512449 0.24463592 0.24585642 0.24438411 0.24408144 0.2459497
 0.24393642 0.24409185 0.24379487 0.2431687  0.24281444 0.24218607
 0.23986003 0.24339144 0.24198297 0.24373674 0.2412335  0.24338521
 0.2408946  0.23974125 0.24242827 0.24031112 0.24082372 0.24219237
 0.24083288 0.24085726 0.24139674 0.2383376  0.2417045  0.23944773
 0.24017617 0.23967756 0.2366438  0.23888081 0.23747995 0.23738542
 0.23763323 0.23971984 0.23800577 0.24107851 0.23768179 0.23820904
 0.23746006 0.23631723 0.23620752 0.23763156 0.2365299  0.23354623
 0.23602705 0.23523435 0.23609553 0.23466904 0.23481679 0.23262028
 0.23340486 0.23293424 0.23283611 0.23422436 0.2319509  0.23345904
 0.23280743 0.23342468 0.23463967 0.23309408 0.23167443 0.23087645
 0.23321918 0.23133792 0.23178557 0.2293345  0.23163112 0.22996426
 0.23076917 0.23099123 0.22945683 0.22934178 0.2312065  0.23256129
 0.23102993 0.22872575 0.23180993 0.23007557 0.2298952  0.22880742
 0.22708318 0.23128311 0.23159574 0.23067538 0.22958677 0.22871968
 0.2277533  0.22656536 0.22648351 0.22493868 0.2290913  0.22750777
 0.22712743 0.2275422  0.22741458 0.22640507 0.22727764 0.22499953]

ETTh1_336_336_DLinear_ETTh1_ftM_sl336_ll48_pl336_dm512_nh8_el2_dl1_df2048_fc1_ebtimeF_dtTrue_Exp_0  
mse:0.7907617092132568, mae:0.6753644943237305, rse:0.8465933203697205, corr:[0.26234934 0.26030868 0.258259   0.25498343 0.25374192 0.25314465
 0.25095257 0.24638599 0.24149783 0.2453814  0.2411794  0.24113244
 0.24350755 0.24473786 0.24604397 0.24586147 0.24584763 0.24796036
 0.24671194 0.24741195 0.24909657 0.24924593 0.24777886 0.24760717
 0.2479512  0.24509555 0.24605285 0.24444355 0.24567218 0.24479264
 0.24313371 0.23880741 0.23750803 0.23841862 0.23990136 0.23907895
 0.23891918 0.24038222 0.24327014 0.24222675 0.24155004 0.24227037
 0.2436987  0.24063693 0.24209179 0.23865427 0.2394821  0.23771106
 0.23519012 0.23796839 0.23947832 0.23791316 0.23846021 0.2388619
 0.23657794 0.2362605  0.2346834  0.23136891 0.22775777 0.22802037
 0.22848545 0.23057748 0.23106769 0.233546   0.23004022 0.23287098
 0.23140496 0.23339306 0.23272586 0.22991033 0.23145352 0.23134372
 0.2333236  0.23167698 0.23371588 0.23350911 0.2332929  0.23296742
 0.23240282 0.23068568 0.22962648 0.22884977 0.22632006 0.22622538
 0.22780487 0.22852609 0.22858445 0.22982253 0.22770551 0.22748826
 0.22744915 0.22434062 0.22419006 0.22271286 0.22217731 0.22333533
 0.2247942  0.22458541 0.22653554 0.22713535 0.2273657  0.22989872
 0.22956094 0.22606069 0.22790715 0.22455536 0.22573826 0.22462408
 0.22655068 0.22605264 0.2261758  0.22281896 0.22122867 0.2226953
 0.22375154 0.22491299 0.22364733 0.22025888 0.21973959 0.21729544
 0.22305979 0.22454564 0.22628972 0.22604609 0.2266998  0.22561163
 0.22238925 0.22204427 0.22230853 0.22267312 0.22284031 0.21789873
 0.21921666 0.22068249 0.21742931 0.21562178 0.21481638 0.21812865
 0.21402721 0.21249464 0.21189682 0.21728577 0.21358699 0.21569675
 0.21888475 0.21780093 0.21745683 0.21739994 0.21785657 0.21952581
 0.21728347 0.21344338 0.2119804  0.21556036 0.21151869 0.21588369
 0.21223092 0.21534717 0.20791973 0.21304758 0.21149598 0.21014862
 0.21421115 0.21513656 0.21326089 0.214493   0.21596807 0.21660969
 0.2166077  0.2147031  0.22018325 0.21859975 0.2195201  0.21793436
 0.21640661 0.21251482 0.20905775 0.21189469 0.21017049 0.20853458
 0.21212067 0.21250843 0.21251571 0.21326558 0.21443425 0.21120405
 0.21156728 0.21256918 0.21304992 0.21644473 0.21909636 0.21597642
 0.21695615 0.21359049 0.21497701 0.21419531 0.21381623 0.21553959
 0.2184678  0.21688782 0.21372968 0.21309997 0.2119219  0.21032256
 0.21101697 0.21656176 0.21321927 0.21383259 0.21648937 0.21608926
 0.21749282 0.21697633 0.2139136  0.21114506 0.21046588 0.21210507
 0.20632656 0.20702182 0.21374096 0.21494064 0.21828327 0.21390277
 0.21426661 0.21416011 0.20959073 0.21082155 0.21007818 0.20702182
 0.2081263  0.20843676 0.20509103 0.21056321 0.2066368  0.21021755
 0.21210364 0.20902736 0.20946756 0.21045591 0.20844136 0.21055618
 0.20801038 0.206947   0.20893781 0.20967042 0.21039796 0.21169023
 0.20927729 0.21051131 0.21367791 0.21120483 0.21171111 0.2078943
 0.2094842  0.21245581 0.2101709  0.2076074  0.20306063 0.20155247
 0.20553079 0.20124242 0.19656889 0.20483992 0.20238027 0.21045488
 0.20502871 0.20786911 0.21323091 0.21302716 0.211423   0.20840585
 0.20937684 0.21034086 0.21232763 0.21233572 0.21189816 0.20740025
 0.20877717 0.20529163 0.20724292 0.21109577 0.20060073 0.20554501
 0.2021206  0.2055724  0.19803943 0.20058395 0.20284559 0.20288981
 0.2049007  0.21046844 0.2138676  0.21365817 0.21446095 0.2115156
 0.21227159 0.20958516 0.20974092 0.21109676 0.20546845 0.21090952
 0.21058542 0.21141958 0.20733228 0.20923795 0.21115312 0.21139878
 0.21262693 0.21258527 0.20858224 0.20778717 0.2073826  0.20956239
 0.21097305 0.21099268 0.21271728 0.21115392 0.20929426 0.21007288
 0.20772587 0.20816523 0.20791988 0.20953181 0.21163858 0.20880981
 0.21089445 0.21166699 0.2101885  0.21464205 0.21339189 0.21181448
 0.21598911 0.21392335 0.21349338 0.20999593 0.21006224 0.20786555]

ETTh1_336_720_DLinear_ETTh1_ftM_sl336_ll48_pl720_dm512_nh8_el2_dl1_df2048_fc1_ebtimeF_dtTrue_Exp_0  
mse:1.2812597751617432, mae:0.8994331359863281, rse:1.0836039781570435, corr:[0.1973555  0.19141133 0.1861719  0.18670113 0.18215264 0.17937654
 0.17584592 0.17565858 0.17397852 0.1721464  0.16807863 0.16638336
 0.17122965 0.16798723 0.1680362  0.16418692 0.16483222 0.16431361
 0.16311005 0.16511403 0.16882218 0.17234236 0.17476629 0.17370306
 0.17319782 0.17633188 0.17234723 0.17383756 0.1733362  0.17223491
 0.16978696 0.1721199  0.17156097 0.16750248 0.16381378 0.16762961
 0.16338664 0.16267975 0.16037649 0.15931156 0.15507409 0.15517572
 0.15457731 0.15063293 0.1568973  0.15522356 0.16123308 0.16011183
 0.1639527  0.16763122 0.16736333 0.16706508 0.16733544 0.16347544
 0.16515748 0.16442786 0.16111884 0.1586843  0.160016   0.15677787
 0.15349145 0.15483424 0.15137987 0.1436909  0.14406586 0.14509681
 0.14296    0.14014249 0.14498754 0.14502859 0.1515964  0.15570363
 0.15871322 0.16559984 0.1622607  0.16509302 0.16664235 0.16485849
 0.16634417 0.16674688 0.16329433 0.15930939 0.1576183  0.15308203
 0.1527475  0.15302853 0.14819029 0.14776607 0.14834906 0.14808112
 0.1481623  0.15207505 0.15378891 0.15273918 0.15803047 0.15787432
 0.16056557 0.16127415 0.16298336 0.16085374 0.16300578 0.16286401
 0.16527067 0.16591579 0.16310094 0.16044073 0.16170108 0.15479769
 0.15443076 0.15456565 0.15566693 0.14979216 0.15343843 0.14948072
 0.1482646  0.14780402 0.1505573  0.15061547 0.1514628  0.15043762
 0.157801   0.16041192 0.1559633  0.15611145 0.15737608 0.15763609
 0.16008745 0.15861818 0.15827972 0.15621215 0.15102315 0.14759679
 0.14937548 0.15172243 0.15227652 0.1518818  0.1521891  0.14862587
 0.14614491 0.14561564 0.15000948 0.1456291  0.14876334 0.15237968
 0.15344729 0.15618345 0.15708712 0.15753023 0.1565302  0.15470368
 0.1576384  0.15732561 0.15286821 0.14913175 0.148141   0.14347954
 0.14028406 0.13971482 0.13684411 0.14276758 0.13871908 0.14186572
 0.1410472  0.14356868 0.14536284 0.14396913 0.14929605 0.14966668
 0.15175262 0.1550516  0.15408891 0.15302143 0.15595269 0.15383524
 0.15533218 0.15356703 0.14967537 0.1449859  0.14589909 0.14577617
 0.14315407 0.14469093 0.1465828  0.14549525 0.1428464  0.1423142
 0.14120531 0.14290449 0.13991147 0.14167254 0.13857469 0.14590022
 0.1523127  0.15021417 0.14833857 0.1500116  0.14963862 0.15071988
 0.15430334 0.15323226 0.15030274 0.14439368 0.14557487 0.14503227
 0.14169066 0.14029114 0.14217682 0.1451438  0.14320064 0.14445207
 0.14432631 0.14014044 0.13854751 0.14072134 0.1418351  0.15108545
 0.15369153 0.15450364 0.15369909 0.15172371 0.15226097 0.1519284
 0.15075448 0.15204065 0.1472859  0.14435813 0.14331514 0.14078252
 0.1383211  0.14117317 0.1440178  0.13918434 0.1383382  0.13951533
 0.1379474  0.13655718 0.1361985  0.14083877 0.14810307 0.14976113
 0.15110737 0.1511809  0.14954056 0.15129934 0.14654535 0.14557174
 0.14181313 0.14488779 0.14435464 0.14324684 0.14120306 0.14128813
 0.14044736 0.1417781  0.13591187 0.1355261  0.12970223 0.130547
 0.13289164 0.13032323 0.12829392 0.12745498 0.12947457 0.1385844
 0.14590271 0.14291617 0.14139496 0.14015998 0.13809568 0.13741207
 0.14105304 0.14282578 0.1457174  0.1439933  0.14389277 0.1455422
 0.14462148 0.14440233 0.14615698 0.14515774 0.14307277 0.13750288
 0.13422379 0.1311351  0.12895022 0.12890989 0.13152847 0.14225775
 0.14326891 0.14674592 0.146564   0.14532548 0.14667162 0.15075655
 0.15002818 0.14912707 0.14696553 0.14818212 0.14589056 0.14250982
 0.14374617 0.14475504 0.14577311 0.14396678 0.14241147 0.13827594
 0.13609721 0.1383887  0.14110708 0.13921957 0.14104754 0.14533989
 0.14718506 0.14604913 0.14436373 0.14513713 0.1412499  0.1412647
 0.14330703 0.1493662  0.1441249  0.14598607 0.14366984 0.14021035
 0.14258312 0.14498857 0.14131342 0.13992983 0.13640742 0.13565578
 0.12910411 0.13748534 0.13606302 0.13467306 0.13293585 0.13966678
 0.14047922 0.1402696  0.1399395  0.140213   0.14088082 0.14682524
 0.14543083 0.1446258  0.14661628 0.1438693  0.14014053 0.14188004
 0.13556999 0.13939287 0.14022253 0.14064847 0.14056937 0.13985345
 0.13877812 0.13770719 0.14144494 0.1402431  0.14271474 0.14429986
 0.14499152 0.14180918 0.14002776 0.14731874 0.14709663 0.14715926
 0.1462272  0.14405344 0.14329691 0.1371322  0.13213    0.13577928
 0.13949299 0.14088796 0.14220212 0.14133555 0.1413802  0.14115293
 0.13770951 0.13803723 0.13624242 0.13822193 0.14166984 0.14636742
 0.14573188 0.14620003 0.1456518  0.14568761 0.14500515 0.14489694
 0.14046541 0.14473383 0.14412749 0.14124063 0.14260326 0.1437784
 0.14452818 0.14329475 0.13982743 0.13691297 0.14120989 0.1396113
 0.13950276 0.14055322 0.14273155 0.13984314 0.14400087 0.1456421
 0.142287   0.14504457 0.14509763 0.14339572 0.1393664  0.13942276
 0.13648386 0.14048906 0.13710226 0.14426683 0.1457502  0.1430243
 0.14640012 0.14607851 0.14103357 0.13938563 0.14100294 0.14106573
 0.14272444 0.1412233  0.14302066 0.13980995 0.13978982 0.14467406
 0.14507914 0.14518446 0.1446464  0.14594714 0.14737488 0.15043111
 0.14957628 0.14888225 0.14748807 0.13996612 0.14040548 0.13529897
 0.1398421  0.14206642 0.14553395 0.14360654 0.14044808 0.14340688
 0.14320509 0.13966075 0.14036015 0.13768911 0.14119692 0.13959272
 0.13669044 0.1404519  0.13719776 0.14108242 0.13672319 0.13637075
 0.13550155 0.1370314  0.1404948  0.13869475 0.14505424 0.14574346
 0.141838   0.1472783  0.14466608 0.1427817  0.1428903  0.14239946
 0.13804881 0.13708955 0.13904779 0.1401777  0.13790613 0.13622065
 0.13850985 0.14247055 0.13951726 0.13476764 0.13590345 0.13072239
 0.1326266  0.12390724 0.12880792 0.13418011 0.13837272 0.14390783
 0.14429697 0.14700998 0.14937657 0.14723231 0.14596067 0.1414457
 0.14328593 0.14403746 0.14486115 0.14399265 0.14076641 0.14214092
 0.1443605  0.1459725  0.14039786 0.14319494 0.14319524 0.14479586
 0.140986   0.1415483  0.14204441 0.1390229  0.14502893 0.14430226
 0.14808683 0.14761534 0.14824128 0.14176208 0.1397499  0.1391778
 0.14110787 0.14258397 0.1439585  0.14852342 0.14987074 0.14898856
 0.14688525 0.14639193 0.14478557 0.14156432 0.14195596 0.14180204
 0.14295264 0.1436778  0.14231776 0.1460827  0.1452117  0.14684376
 0.14769943 0.14587577 0.1407976  0.1386017  0.13734102 0.13896482
 0.14041641 0.14030619 0.13764337 0.13841552 0.13553414 0.13707685
 0.13612202 0.13616285 0.13341933 0.13169226 0.13576517 0.13336682
 0.13599955 0.13969564 0.14138041 0.1425406  0.13985486 0.13921219
 0.14528456 0.14023897 0.14195481 0.14022015 0.14035551 0.13943657
 0.13768178 0.13365415 0.13164964 0.12860359 0.12866461 0.13133933
 0.1346189  0.13174568 0.12939826 0.12352064 0.12288827 0.12776482
 0.125832   0.129756   0.13266227 0.13247009 0.13482812 0.14001305
 0.14153479 0.13966088 0.13776308 0.1366218  0.13551448 0.13351564
 0.1330556  0.12951446 0.13040021 0.13082017 0.13187149 0.13009313
 0.13061081 0.13180886 0.12912293 0.12985967 0.12998144 0.12847686
 0.13499762 0.13606088 0.14021257 0.13849103 0.14023988 0.13868861
 0.1404229  0.13313541 0.12972885 0.1303489  0.12860428 0.13172176
 0.13048185 0.12866567 0.12981448 0.1313083  0.13080154 0.13142613
 0.13543329 0.1318862  0.13233262 0.13108751 0.1291689  0.13199969
 0.12868258 0.13111709 0.13442156 0.13421583 0.13394584 0.13381656
 0.13756013 0.13682085 0.14036128 0.13814346 0.13667913 0.13439737
 0.13376753 0.13062038 0.12829076 0.1283245  0.12651609 0.12184712
 0.12920383 0.12482371 0.12718163 0.12300676 0.12737969 0.12699501
 0.12794861 0.13082176 0.13282196 0.13419975 0.13506998 0.13389336
 0.13937917 0.13794492 0.13613135 0.13245021 0.13403651 0.1271528
 0.12782185 0.12893786 0.13281623 0.13167351 0.13183708 0.13246831
 0.13439693 0.1283487  0.13175231 0.12855828 0.1277536  0.12370966
 0.12691979 0.1314998  0.1348913  0.13605188 0.13727601 0.13646367
 0.13585287 0.13336146 0.13567835 0.12647212 0.12493284 0.12512441
 0.11967054 0.11890258 0.11881991 0.11857541 0.11987152 0.12440962
 0.12757479 0.13364615 0.12818168 0.12756613 0.12747817 0.1322957
 0.12572344 0.13109839 0.13491186 0.13650656 0.13589658 0.13486344
 0.13772239 0.13389073 0.12948054 0.12792706 0.12875856 0.12801462
 0.12789235 0.12832817 0.12850578 0.12449577 0.1267055  0.12318558]

